;mass A;;
t;x;y;
0.000;-4.581E-2;2.874E-2
0.040;-3.409E-2;2.763E-2
0.080;-2.165E-2;2.663E-2
0.120;-8.718E-3;2.633E-2
0.160;4.447E-3;2.633E-2
0.200;1.742E-2;2.667E-2
0.240;2.987E-2;2.750E-2
0.280;4.138E-2;2.856E-2
0.320;5.192E-2;2.978E-2
0.360;6.105E-2;3.098E-2
0.400;6.842E-2;3.215E-2
0.440;7.399E-2;3.311E-2
0.480;7.769E-2;3.386E-2
0.520;7.961E-2;3.420E-2
0.560;7.967E-2;3.428E-2
0.600;7.780E-2;3.403E-2
0.640;7.389E-2;3.327E-2
0.680;6.834E-2;3.232E-2
0.720;6.092E-2;3.112E-2
0.760;5.199E-2;2.997E-2
0.800;4.166E-2;2.877E-2
0.840;3.023E-2;2.771E-2
0.880;1.804E-2;2.690E-2
0.920;5.344E-3;2.656E-2
0.960;-7.350E-3;2.651E-2
1.000;-1.995E-2;2.678E-2
1.040;-3.197E-2;2.762E-2
1.080;-4.314E-2;2.862E-2
1.120;-5.342E-2;2.981E-2
1.160;-6.221E-2;3.111E-2
1.200;-6.921E-2;3.232E-2
1.240;-7.463E-2;3.333E-2
1.280;-7.825E-2;3.423E-2
1.320;-8.010E-2;3.464E-2
1.360;-8.030E-2;3.464E-2
1.400;-7.886E-2;3.435E-2
1.440;-7.519E-2;3.354E-2
1.480;-6.989E-2;3.255E-2
1.520;-6.295E-2;3.125E-2
1.560;-5.452E-2;3.009E-2
1.600;-4.454E-2;2.884E-2
1.640;-3.355E-2;2.778E-2
1.680;-2.176E-2;2.692E-2
1.720;-9.491E-3;2.663E-2
1.760;2.953E-3;2.656E-2
1.800;1.541E-2;2.684E-2
1.840;2.722E-2;2.761E-2
1.880;3.823E-2;2.846E-2
1.920;4.833E-2;2.946E-2
1.960;5.700E-2;3.050E-2
2.000;6.421E-2;3.151E-2
2.040;6.979E-2;3.249E-2
2.080;7.359E-2;3.313E-2
2.120;7.558E-2;3.352E-2
2.160;7.576E-2;3.363E-2
2.200;7.429E-2;3.337E-2
2.240;7.078E-2;3.275E-2
2.280;6.563E-2;3.186E-2
2.320;5.865E-2;3.094E-2
2.360;5.017E-2;2.987E-2
2.400;4.044E-2;2.878E-2
2.440;2.965E-2;2.785E-2
2.480;1.816E-2;2.715E-2
2.520;6.218E-3;2.661E-2
2.560;-6.058E-3;2.653E-2
2.600;-1.805E-2;2.678E-2
2.640;-2.940E-2;2.752E-2
2.680;-4.035E-2;2.845E-2
2.720;-5.030E-2;2.951E-2
2.760;-5.867E-2;3.062E-2
2.800;-6.559E-2;3.173E-2
2.840;-7.093E-2;3.262E-2
2.880;-7.449E-2;3.350E-2
2.920;-7.643E-2;3.396E-2
2.960;-7.668E-2;3.400E-2
3.000;-7.526E-2;3.370E-2
3.040;-7.190E-2;3.300E-2
3.080;-6.681E-2;3.204E-2
3.120;-6.028E-2;3.091E-2
3.160;-5.225E-2;2.981E-2
3.200;-4.267E-2;2.878E-2
3.240;-3.216E-2;2.777E-2
3.280;-2.092E-2;2.692E-2
3.320;-9.178E-3;2.661E-2
3.360;2.630E-3;2.658E-2
3.400;1.439E-2;2.674E-2
3.440;2.567E-2;2.742E-2
3.480;3.629E-2;2.826E-2
3.520;4.590E-2;2.915E-2
3.560;5.422E-2;3.024E-2
3.600;6.120E-2;3.118E-2
3.640;6.646E-2;3.202E-2
3.680;7.010E-2;3.255E-2
3.720;7.207E-2;3.292E-2
3.760;7.224E-2;3.297E-2
3.800;7.090E-2;3.283E-2
3.840;6.761E-2;3.228E-2
3.880;6.257E-2;3.139E-2
3.920;5.611E-2;3.051E-2
3.960;4.796E-2;2.954E-2
4.000;3.878E-2;2.853E-2
4.040;2.847E-2;2.774E-2
4.080;1.740E-2;2.702E-2
4.120;6.058E-3;2.668E-2
4.160;-5.494E-3;2.656E-2
4.200;-1.696E-2;2.678E-2
4.240;-2.791E-2;2.743E-2
4.280;-3.813E-2;2.835E-2
4.320;-4.749E-2;2.920E-2
4.360;-5.568E-2;3.025E-2
4.400;-6.235E-2;3.134E-2
4.440;-6.753E-2;3.225E-2
4.480;-7.099E-2;3.284E-2
4.520;-7.288E-2;3.324E-2
4.560;-7.316E-2;3.326E-2
4.600;-7.194E-2;3.308E-2
4.640;-6.877E-2;3.249E-2
4.680;-6.399E-2;3.164E-2
4.720;-5.758E-2;3.072E-2
4.760;-4.981E-2;2.974E-2
4.800;-4.092E-2;2.875E-2
4.840;-3.091E-2;2.782E-2
4.880;-2.035E-2;2.713E-2
4.920;-9.176E-3;2.673E-2
4.960;2.107E-3;2.655E-2
5.000;1.324E-2;2.678E-2
5.040;2.412E-2;2.745E-2
5.080;3.423E-2;2.814E-2
5.120;4.343E-2;2.903E-2
5.160;5.137E-2;3.001E-2
5.200;5.816E-2;3.083E-2
5.240;6.328E-2;3.157E-2
5.280;6.688E-2;3.207E-2
5.320;6.871E-2;3.235E-2
5.360;6.897E-2;3.235E-2
5.400;6.782E-2;3.218E-2
5.440;6.465E-2;3.165E-2
5.480;5.975E-2;3.091E-2
5.520;5.347E-2;3.007E-2
5.560;4.579E-2;2.918E-2
5.600;3.705E-2;2.831E-2
5.640;2.727E-2;2.754E-2
5.680;1.685E-2;2.689E-2
5.720;5.953E-3;2.659E-2
5.760;-5.088E-3;2.652E-2
5.800;-1.591E-2;2.684E-2
5.840;-2.628E-2;2.741E-2
5.880;-3.612E-2;2.820E-2
5.920;-4.506E-2;2.910E-2
5.960;-5.306E-2;2.998E-2
6.000;-5.948E-2;3.092E-2
6.040;-6.441E-2;3.171E-2
6.080;-6.780E-2;3.230E-2
6.120;-6.961E-2;3.257E-2
6.160;-6.986E-2;3.271E-2
6.200;-6.872E-2;3.254E-2
6.240;-6.572E-2;3.200E-2
6.280;-6.131E-2;3.118E-2
6.320;-5.515E-2;3.033E-2
6.360;-4.791E-2;2.942E-2
6.400;-3.935E-2;2.846E-2
6.440;-2.990E-2;2.761E-2
6.480;-1.974E-2;2.702E-2
6.520;-9.153E-3;2.665E-2
6.560;1.625E-3;2.660E-2
6.600;1.235E-2;2.686E-2
6.640;2.270E-2;2.740E-2
6.680;3.226E-2;2.801E-2
6.720;4.098E-2;2.888E-2
6.760;4.866E-2;2.973E-2
6.800;5.507E-2;3.048E-2
6.840;5.993E-2;3.113E-2
6.880;6.340E-2;3.168E-2
6.920;6.526E-2;3.188E-2
6.960;6.560E-2;3.192E-2
7.000;6.442E-2;3.183E-2
7.040;6.142E-2;3.136E-2
7.080;5.697E-2;3.079E-2
7.120;5.101E-2;3.006E-2
7.160;4.386E-2;2.919E-2
7.200;3.539E-2;2.850E-2
7.240;2.609E-2;2.777E-2
7.280;1.617E-2;2.717E-2
7.320;5.906E-3;2.683E-2
7.360;-4.578E-3;2.684E-2
7.400;-1.494E-2;2.710E-2
7.440;-2.493E-2;2.756E-2
7.480;-3.422E-2;2.823E-2
7.520;-4.267E-2;2.911E-2
7.560;-5.014E-2;2.999E-2
7.600;-5.614E-2;3.074E-2
7.640;-6.117E-2;3.143E-2
7.680;-6.453E-2;3.195E-2
7.720;-6.632E-2;3.223E-2
7.760;-6.661E-2;3.229E-2
7.800;-6.559E-2;3.213E-2
7.840;-6.275E-2;3.172E-2
7.880;-5.831E-2;3.097E-2
7.920;-5.265E-2;3.011E-2
7.960;-4.552E-2;2.929E-2
8.000;-3.738E-2;2.848E-2
8.040;-2.849E-2;2.772E-2
8.080;-1.905E-2;2.724E-2
8.120;-8.978E-3;2.683E-2
8.160;1.243E-3;2.678E-2
8.200;1.148E-2;2.690E-2
8.240;2.128E-2;2.742E-2
8.280;3.049E-2;2.799E-2
8.320;3.886E-2;2.882E-2
8.360;4.610E-2;2.952E-2
8.400;5.224E-2;3.021E-2
8.440;5.688E-2;3.088E-2
8.480;6.027E-2;3.131E-2
8.520;6.204E-2;3.162E-2
8.560;6.240E-2;3.159E-2
8.600;6.138E-2;3.144E-2
8.640;5.856E-2;3.107E-2
8.680;5.431E-2;3.047E-2
8.720;4.864E-2;2.978E-2
8.760;4.172E-2;2.896E-2
8.800;3.379E-2;2.823E-2
8.840;2.488E-2;2.758E-2
8.880;1.545E-2;2.704E-2
8.920;5.571E-3;2.671E-2
8.960;-4.404E-3;2.667E-2
9.000;-1.418E-2;2.689E-2
9.040;-2.364E-2;2.738E-2
9.080;-3.244E-2;2.793E-2
9.120;-4.054E-2;2.877E-2
9.160;-4.780E-2;2.951E-2
9.200;-5.384E-2;3.009E-2
9.240;-5.818E-2;3.076E-2
9.280;-6.147E-2;3.119E-2
9.320;-6.314E-2;3.145E-2
9.360;-6.339E-2;3.153E-2
9.400;-6.248E-2;3.143E-2
9.440;-5.983E-2;3.109E-2
9.480;-5.570E-2;3.047E-2
9.520;-5.017E-2;2.976E-2
9.560;-4.362E-2;2.898E-2
9.600;-3.591E-2;2.823E-2
9.640;-2.735E-2;2.749E-2
9.680;-1.829E-2;2.709E-2
9.720;-8.800E-3;2.677E-2
9.760;9.342E-4;2.664E-2
9.800;1.061E-2;2.674E-2
9.840;1.985E-2;2.715E-2
9.880;2.856E-2;2.770E-2
9.920;3.653E-2;2.831E-2
9.960;4.348E-2;2.892E-2
10.000;4.929E-2;2.965E-2
10.040;5.384E-2;3.015E-2
10.080;5.702E-2;3.071E-2
10.120;5.873E-2;3.096E-2
10.160;5.904E-2;3.097E-2
10.200;5.811E-2;3.086E-2
10.240;5.542E-2;3.057E-2
10.280;5.140E-2;2.996E-2
10.320;4.613E-2;2.935E-2
10.360;3.959E-2;2.876E-2
10.400;3.204E-2;2.805E-2
10.440;2.379E-2;2.753E-2
10.480;1.478E-2;2.699E-2
10.520;5.440E-3;2.677E-2
10.560;-3.937E-3;2.663E-2
10.600;-1.325E-2;2.678E-2
10.640;-2.217E-2;2.715E-2
10.680;-3.076E-2;2.768E-2
10.720;-3.846E-2;2.837E-2
10.760;-4.534E-2;2.897E-2
10.800;-5.077E-2;2.962E-2
10.840;-5.529E-2;3.018E-2
10.880;-5.843E-2;3.069E-2
10.920;-6.008E-2;3.088E-2
10.960;-6.038E-2;3.095E-2
11.000;-5.958E-2;3.084E-2
11.040;-5.705E-2;3.057E-2
11.080;-5.318E-2;2.999E-2
11.120;-4.795E-2;2.939E-2
11.160;-4.154E-2;2.866E-2
11.200;-3.428E-2;2.802E-2
11.240;-2.620E-2;2.746E-2
11.280;-1.757E-2;2.705E-2
11.320;-8.513E-3;2.676E-2
11.360;6.727E-4;2.664E-2
11.400;9.867E-3;2.674E-2
11.440;1.869E-2;2.711E-2
11.480;2.702E-2;2.758E-2
11.520;3.453E-2;2.818E-2
11.560;4.112E-2;2.875E-2
11.600;4.665E-2;2.938E-2
11.640;5.097E-2;2.990E-2
11.680;5.406E-2;3.024E-2
11.720;5.557E-2;3.046E-2
11.760;5.591E-2;3.049E-2
11.800;5.507E-2;3.034E-2
11.840;5.242E-2;3.005E-2
11.880;4.858E-2;2.960E-2
11.920;4.356E-2;2.914E-2
11.960;3.738E-2;2.859E-2
12.000;3.023E-2;2.790E-2
12.040;2.228E-2;2.741E-2
12.080;1.378E-2;2.699E-2
12.120;4.950E-3;2.676E-2
12.160;-3.969E-3;2.663E-2
12.200;-1.291E-2;2.674E-2
12.240;-2.141E-2;2.713E-2
12.280;-2.937E-2;2.766E-2
12.320;-3.649E-2;2.822E-2
12.360;-4.289E-2;2.881E-2
12.400;-4.828E-2;2.948E-2
12.440;-5.247E-2;2.986E-2
12.480;-5.545E-2;3.019E-2
12.520;-5.702E-2;3.044E-2
12.560;-5.732E-2;3.048E-2
12.600;-5.649E-2;3.041E-2
12.640;-5.389E-2;3.014E-2
12.680;-5.025E-2;2.976E-2
12.720;-4.532E-2;2.923E-2
12.760;-3.932E-2;2.859E-2
12.800;-3.251E-2;2.805E-2
12.840;-2.487E-2;2.749E-2
12.880;-1.672E-2;2.701E-2
12.920;-8.126E-3;2.683E-2
12.960;6.669E-4;2.693E-2
13.000;9.372E-3;2.707E-2
13.040;1.762E-2;2.729E-2
13.080;2.548E-2;2.770E-2
13.120;3.262E-2;2.824E-2
13.160;3.887E-2;2.870E-2
13.200;4.420E-2;2.930E-2
13.240;4.834E-2;2.971E-2
13.280;5.109E-2;3.007E-2
13.320;5.271E-2;3.021E-2
13.360;5.301E-2;3.029E-2
13.400;5.231E-2;3.022E-2
13.440;4.984E-2;2.999E-2
13.480;4.626E-2;2.954E-2
13.520;4.136E-2;2.902E-2
13.560;3.560E-2;2.844E-2
13.600;2.878E-2;2.778E-2
13.640;2.131E-2;2.736E-2
13.680;1.341E-2;2.700E-2
13.720;5.040E-3;2.683E-2
13.760;-3.456E-3;2.677E-2
13.800;-1.180E-2;2.674E-2
13.840;-1.996E-2;2.711E-2
13.880;-2.760E-2;2.751E-2
13.920;-3.452E-2;2.809E-2
13.960;-4.051E-2;2.871E-2
14.000;-4.570E-2;2.918E-2
14.040;-4.969E-2;2.968E-2
14.080;-5.252E-2;3.004E-2
14.120;-5.400E-2;3.019E-2
14.160;-5.445E-2;3.030E-2
14.200;-5.382E-2;3.025E-2
14.240;-5.155E-2;3.006E-2
14.280;-4.800E-2;2.957E-2
14.320;-4.325E-2;2.907E-2
14.360;-3.764E-2;2.852E-2
14.400;-3.120E-2;2.799E-2
14.440;-2.402E-2;2.754E-2
14.480;-1.638E-2;2.716E-2
14.520;-8.278E-3;2.693E-2
14.560;1.757E-5;2.695E-2
14.600;8.183E-3;2.707E-2
14.640;1.610E-2;2.725E-2
14.680;2.350E-2;2.775E-2
14.720;3.037E-2;2.808E-2
14.760;3.630E-2;2.859E-2
14.800;4.140E-2;2.919E-2
14.840;4.528E-2;2.957E-2
14.880;4.813E-2;2.982E-2
14.920;4.965E-2;2.996E-2
14.960;5.000E-2;2.993E-2
15.000;4.946E-2;2.982E-2
15.040;4.712E-2;2.968E-2
15.080;4.369E-2;2.939E-2
15.120;3.922E-2;2.884E-2
15.160;3.373E-2;2.835E-2
15.200;2.729E-2;2.781E-2
15.240;2.021E-2;2.739E-2
15.280;1.278E-2;2.710E-2
15.320;4.888E-3;2.682E-2
15.360;-3.123E-3;2.690E-2
15.400;-1.099E-2;2.701E-2
15.440;-1.858E-2;2.726E-2
15.480;-2.581E-2;2.766E-2
15.520;-3.240E-2;2.814E-2
15.560;-3.806E-2;2.860E-2
15.600;-4.288E-2;2.915E-2
15.640;-4.670E-2;2.959E-2
15.680;-4.950E-2;2.991E-2
15.720;-5.111E-2;3.002E-2
15.760;-5.153E-2;3.000E-2
15.800;-5.091E-2;2.990E-2
15.840;-4.867E-2;2.975E-2
15.880;-4.538E-2;2.940E-2
15.920;-4.106E-2;2.892E-2
15.960;-3.577E-2;2.841E-2
16.000;-2.968E-2;2.780E-2
16.040;-2.293E-2;2.740E-2
16.080;-1.559E-2;2.706E-2
16.120;-8.044E-3;2.695E-2
16.160;-2.492E-4;2.689E-2
16.200;7.542E-3;2.706E-2
16.240;1.511E-2;2.719E-2
16.280;2.206E-2;2.757E-2
16.320;2.856E-2;2.802E-2
16.360;3.414E-2;2.845E-2
16.400;3.893E-2;2.877E-2
16.440;4.284E-2;2.914E-2
16.480;4.537E-2;2.945E-2
16.520;4.685E-2;2.961E-2
16.560;4.723E-2;2.964E-2
16.600;4.656E-2;2.966E-2
16.640;4.429E-2;2.944E-2
16.680;4.102E-2;2.909E-2
16.720;3.665E-2;2.871E-2
16.760;3.136E-2;2.830E-2
16.800;2.536E-2;2.788E-2
16.840;1.869E-2;2.742E-2
16.880;1.159E-2;2.716E-2
16.920;4.157E-3;2.700E-2
16.960;-3.441E-3;2.694E-2
17.000;-1.097E-2;2.711E-2
17.040;-1.810E-2;2.727E-2
17.080;-2.482E-2;2.754E-2
17.120;-3.098E-2;2.801E-2
17.160;-3.637E-2;2.848E-2
17.200;-4.093E-2;2.895E-2
17.240;-4.435E-2;2.932E-2
17.280;-4.694E-2;2.952E-2
17.320;-4.816E-2;2.968E-2
17.360;-4.842E-2;2.969E-2
17.400;-4.789E-2;2.968E-2
17.440;-4.597E-2;2.953E-2
17.480;-4.268E-2;2.911E-2
17.520;-3.870E-2;2.875E-2
17.560;-3.366E-2;2.828E-2
17.600;-2.794E-2;2.784E-2
17.640;-2.147E-2;2.736E-2
17.680;-1.462E-2;2.712E-2
17.720;-7.363E-3;2.696E-2
17.760;-7.397E-5;2.693E-2
17.800;7.271E-3;2.708E-2
17.840;1.432E-2;2.729E-2
17.880;2.093E-2;2.759E-2
17.920;2.710E-2;2.795E-2
17.960;3.237E-2;2.833E-2
18.000;3.679E-2;2.871E-2
18.040;4.026E-2;2.903E-2
18.080;4.275E-2;2.934E-2
18.120;4.410E-2;2.950E-2
18.160;4.447E-2;2.948E-2
18.200;4.401E-2;2.936E-2
18.240;4.200E-2;2.919E-2
18.280;3.900E-2;2.893E-2
18.320;3.501E-2;2.848E-2
18.360;3.012E-2;2.818E-2
18.400;2.444E-2;2.774E-2
18.440;1.823E-2;2.742E-2
18.480;1.153E-2;2.719E-2
18.520;4.536E-3;2.700E-2
18.560;-2.603E-3;2.693E-2
18.600;-9.702E-3;2.705E-2
18.640;-1.652E-2;2.724E-2
18.680;-2.293E-2;2.748E-2
18.720;-2.882E-2;2.792E-2
18.760;-3.406E-2;2.833E-2
18.800;-3.846E-2;2.868E-2
18.840;-4.192E-2;2.907E-2
18.880;-4.434E-2;2.934E-2
18.920;-4.581E-2;2.946E-2
18.960;-4.608E-2;2.946E-2
19.000;-4.561E-2;2.936E-2
19.040;-4.375E-2;2.921E-2
19.080;-4.082E-2;2.888E-2
19.120;-3.694E-2;2.853E-2
19.160;-3.236E-2;2.820E-2
19.200;-2.694E-2;2.780E-2
19.240;-2.090E-2;2.738E-2
19.280;-1.447E-2;2.718E-2
19.320;-7.680E-3;2.700E-2
19.360;-6.182E-4;2.690E-2
19.400;6.274E-3;2.706E-2
19.440;1.303E-2;2.727E-2
19.480;1.935E-2;2.751E-2
19.520;2.504E-2;2.780E-2
19.560;3.016E-2;2.812E-2
19.600;3.443E-2;2.845E-2
19.640;3.781E-2;2.869E-2
19.680;4.016E-2;2.893E-2
19.720;4.150E-2;2.905E-2
19.760;4.185E-2;2.919E-2
19.800;4.151E-2;2.912E-2
19.840;3.979E-2;2.904E-2
19.880;3.704E-2;2.886E-2
19.920;3.337E-2;2.847E-2
19.960;2.873E-2;2.816E-2
20.000;2.347E-2;2.784E-2
20.040;1.772E-2;2.742E-2
20.080;1.139E-2;2.720E-2
20.120;4.791E-3;2.706E-2
20.160;-1.945E-3;2.693E-2
20.200;-8.598E-3;2.706E-2
20.240;-1.509E-2;2.718E-2
20.280;-2.119E-2;2.748E-2
20.320;-2.687E-2;2.790E-2
20.360;-3.179E-2;2.813E-2
20.400;-3.601E-2;2.851E-2
20.440;-3.930E-2;2.885E-2
20.480;-4.155E-2;2.903E-2
20.520;-4.285E-2;2.919E-2
20.560;-4.328E-2;2.931E-2
20.600;-4.282E-2;2.924E-2
20.640;-4.112E-2;2.904E-2
20.680;-3.856E-2;2.886E-2
20.720;-3.483E-2;2.853E-2
20.760;-3.041E-2;2.818E-2
20.800;-2.534E-2;2.777E-2
20.840;-1.958E-2;2.743E-2
20.880;-1.351E-2;2.722E-2
20.920;-7.119E-3;2.712E-2
20.960;-4.808E-4;2.707E-2
21.000;5.953E-3;2.717E-2
21.040;1.229E-2;2.721E-2
21.080;1.821E-2;2.743E-2
21.120;2.359E-2;2.785E-2
21.160;2.838E-2;2.804E-2
21.200;3.238E-2;2.841E-2
21.240;3.562E-2;2.857E-2
21.280;3.783E-2;2.878E-2
21.320;3.900E-2;2.891E-2
21.360;3.923E-2;2.888E-2
21.400;3.891E-2;2.881E-2
21.440;3.722E-2;2.868E-2
21.480;3.452E-2;2.853E-2
21.520;3.098E-2;2.828E-2
21.560;2.667E-2;2.791E-2
21.600;2.165E-2;2.770E-2
21.640;1.609E-2;2.736E-2
21.680;1.016E-2;2.722E-2
21.720;4.012E-3;2.704E-2
21.760;-2.336E-3;2.696E-2
21.800;-8.602E-3;2.706E-2
21.840;-1.469E-2;2.717E-2
21.880;-2.045E-2;2.742E-2
21.920;-2.561E-2;2.779E-2
21.960;-3.027E-2;2.800E-2
22.000;-3.413E-2;2.843E-2
22.040;-3.715E-2;2.869E-2
22.080;-3.935E-2;2.882E-2
22.120;-4.060E-2;2.893E-2
22.160;-4.099E-2;2.890E-2
22.200;-4.050E-2;2.882E-2
22.240;-3.885E-2;2.869E-2
22.280;-3.623E-2;2.849E-2
22.320;-3.298E-2;2.817E-2
22.360;-2.883E-2;2.779E-2
22.400;-2.404E-2;2.752E-2
22.440;-1.871E-2;2.733E-2
22.480;-1.297E-2;2.701E-2
22.520;-6.992E-3;2.695E-2
22.560;-8.282E-4;2.699E-2
22.600;5.403E-3;2.708E-2
22.640;1.132E-2;2.718E-2
22.680;1.694E-2;2.735E-2
22.720;2.208E-2;2.759E-2
22.760;2.662E-2;2.778E-2
22.800;3.037E-2;2.808E-2
22.840;3.341E-2;2.828E-2
22.880;3.549E-2;2.848E-2
22.920;3.668E-2;2.864E-2
22.960;3.690E-2;2.867E-2
23.000;3.659E-2;2.868E-2
23.040;3.503E-2;2.857E-2
23.080;3.247E-2;2.848E-2
23.120;2.923E-2;2.820E-2
23.160;2.519E-2;2.786E-2
23.200;2.053E-2;2.758E-2
23.240;1.530E-2;2.729E-2
23.280;9.663E-3;2.711E-2
23.320;3.857E-3;2.696E-2
23.360;-2.153E-3;2.693E-2
23.400;-8.136E-3;2.704E-2
23.440;-1.373E-2;2.715E-2
23.480;-1.916E-2;2.734E-2
23.520;-2.399E-2;2.751E-2
23.560;-2.840E-2;2.780E-2
23.600;-3.210E-2;2.809E-2
23.640;-3.503E-2;2.833E-2
23.680;-3.713E-2;2.855E-2
23.720;-3.821E-2;2.868E-2
23.760;-3.846E-2;2.870E-2
23.800;-3.820E-2;2.872E-2
23.840;-3.657E-2;2.859E-2
23.880;-3.422E-2;2.846E-2
23.920;-3.099E-2;2.807E-2
23.960;-2.708E-2;2.777E-2
24.000;-2.261E-2;2.751E-2
24.040;-1.754E-2;2.728E-2
24.080;-1.210E-2;2.701E-2
24.120;-6.417E-3;2.702E-2
24.160;-5.981E-4;2.694E-2
24.200;5.064E-3;2.703E-2
24.240;1.062E-2;2.711E-2
24.280;1.584E-2;2.733E-2
24.320;2.064E-2;2.749E-2
24.360;2.483E-2;2.783E-2
24.400;2.846E-2;2.796E-2
24.440;3.130E-2;2.824E-2
24.480;3.323E-2;2.837E-2
24.520;3.435E-2;2.842E-2
24.560;3.460E-2;2.837E-2
24.600;3.434E-2;2.831E-2
24.640;3.277E-2;2.818E-2
24.680;3.034E-2;2.805E-2
24.720;2.722E-2;2.786E-2
24.760;2.342E-2;2.756E-2
24.800;1.887E-2;2.735E-2
24.840;1.399E-2;2.706E-2
24.880;8.700E-3;2.693E-2
24.920;3.177E-3;2.684E-2
24.960;-2.412E-3;2.691E-2
25.000;-8.006E-3;2.697E-2
25.040;-1.335E-2;2.713E-2
25.080;-1.837E-2;2.726E-2
25.120;-2.310E-2;2.745E-2
25.160;-2.711E-2;2.773E-2
25.200;-3.050E-2;2.799E-2
25.240;-3.311E-2;2.824E-2
25.280;-3.497E-2;2.835E-2
25.320;-3.605E-2;2.843E-2
25.360;-3.629E-2;2.835E-2
25.400;-3.594E-2;2.834E-2
25.440;-3.438E-2;2.820E-2
25.480;-3.198E-2;2.799E-2
25.520;-2.892E-2;2.772E-2
25.560;-2.522E-2;2.752E-2
25.600;-2.099E-2;2.730E-2
25.640;-1.619E-2;2.703E-2
25.680;-1.108E-2;2.690E-2
25.720;-5.768E-3;2.688E-2
25.760;-3.334E-4;2.698E-2
25.800;5.146E-3;2.711E-2
25.840;1.037E-2;2.711E-2
25.880;1.528E-2;2.723E-2
25.920;1.973E-2;2.750E-2
25.960;2.369E-2;2.774E-2
26.000;2.695E-2;2.790E-2
26.040;2.959E-2;2.798E-2
26.080;3.129E-2;2.824E-2
26.120;3.226E-2;2.825E-2
26.160;3.248E-2;2.825E-2
26.200;3.211E-2;2.821E-2
26.240;3.056E-2;2.809E-2
26.280;2.826E-2;2.799E-2
26.320;2.522E-2;2.786E-2
26.360;2.153E-2;2.754E-2
26.400;1.733E-2;2.733E-2
26.440;1.270E-2;2.713E-2
26.480;7.799E-3;2.694E-2
26.520;2.553E-3;2.694E-2
26.560;-2.716E-3;2.692E-2
26.600;-7.972E-3;2.701E-2
26.640;-1.295E-2;2.714E-2
26.680;-1.767E-2;2.726E-2
26.720;-2.190E-2;2.747E-2
26.760;-2.578E-2;2.770E-2
26.800;-2.883E-2;2.794E-2
26.840;-3.128E-2;2.815E-2
26.880;-3.301E-2;2.831E-2
26.920;-3.386E-2;2.828E-2
26.960;-3.419E-2;2.830E-2
27.000;-3.372E-2;2.827E-2
27.040;-3.206E-2;2.813E-2
27.080;-2.972E-2;2.792E-2
27.120;-2.678E-2;2.775E-2
27.160;-2.328E-2;2.753E-2
27.200;-1.923E-2;2.736E-2
27.240;-1.467E-2;2.720E-2
27.280;-9.875E-3;2.715E-2
27.320;-4.752E-3;2.707E-2
27.360;3.399E-4;2.702E-2
27.400;5.377E-3;2.713E-2
27.440;1.022E-2;2.718E-2
27.480;1.476E-2;2.728E-2
27.520;1.892E-2;2.741E-2
27.560;2.242E-2;2.773E-2
27.600;2.546E-2;2.783E-2
27.640;2.770E-2;2.790E-2
27.680;2.929E-2;2.798E-2
27.720;3.005E-2;2.805E-2
27.760;3.022E-2;2.814E-2
27.800;2.982E-2;2.813E-2
27.840;2.844E-2;2.806E-2
27.880;2.618E-2;2.793E-2
27.920;2.321E-2;2.779E-2
27.960;1.980E-2;2.755E-2
28.000;1.595E-2;2.737E-2
28.040;1.161E-2;2.729E-2
28.080;6.947E-3;2.713E-2
28.120;2.119E-3;2.703E-2
28.160;-2.906E-3;2.702E-2
28.200;-7.774E-3;2.705E-2
28.240;-1.245E-2;2.714E-2
28.280;-1.686E-2;2.728E-2
28.320;-2.089E-2;2.741E-2
28.360;-2.433E-2;2.767E-2
28.400;-2.728E-2;2.782E-2
28.440;-2.951E-2;2.792E-2
28.480;-3.107E-2;2.814E-2
28.520;-3.200E-2;2.820E-2
28.560;-3.220E-2;2.819E-2
28.600;-3.188E-2;2.816E-2
28.640;-3.050E-2;2.809E-2
28.680;-2.843E-2;2.795E-2
28.720;-2.589E-2;2.783E-2
28.760;-2.255E-2;2.760E-2
28.800;-1.874E-2;2.748E-2
28.840;-1.455E-2;2.731E-2
28.880;-1.008E-2;2.708E-2
28.920;-5.413E-3;2.708E-2
28.960;-6.066E-4;2.708E-2
29.000;4.068E-3;2.711E-2
29.040;8.668E-3;2.717E-2
29.080;1.300E-2;2.726E-2
29.120;1.682E-2;2.732E-2
29.160;2.040E-2;2.750E-2
29.200;2.330E-2;2.770E-2
29.240;2.553E-2;2.782E-2
29.280;2.708E-2;2.789E-2
29.320;2.790E-2;2.784E-2
29.360;2.800E-2;2.781E-2
29.400;2.759E-2;2.777E-2
29.440;2.602E-2;2.766E-2
29.480;2.384E-2;2.759E-2
29.520;2.104E-2;2.745E-2
29.560;1.778E-2;2.736E-2
29.600;1.402E-2;2.724E-2
29.640;9.984E-3;2.705E-2
29.680;5.496E-3;2.687E-2
29.720;9.495E-4;2.688E-2
29.760;-3.659E-3;2.699E-2
29.800;-8.112E-3;2.704E-2
29.840;-1.252E-2;2.717E-2
29.880;-1.659E-2;2.726E-2
29.920;-2.016E-2;2.738E-2
29.960;-2.338E-2;2.760E-2
30.000;-2.604E-2;2.776E-2
30.040;-2.795E-2;2.785E-2
30.080;-2.923E-2;2.785E-2
30.120;-2.992E-2;2.786E-2
30.160;-3.002E-2;2.780E-2
30.200;-2.968E-2;2.771E-2
30.240;-2.854E-2;2.767E-2
30.280;-2.667E-2;2.760E-2
30.320;-2.422E-2;2.747E-2
30.360;-2.114E-2;2.737E-2
30.400;-1.770E-2;2.730E-2
30.440;-1.377E-2;2.706E-2
30.480;-9.562E-3;2.697E-2
30.520;-5.233E-3;2.698E-2
30.560;-7.029E-4;2.694E-2
30.600;3.747E-3;2.703E-2
30.640;7.923E-3;2.712E-2
30.680;1.202E-2;2.722E-2
30.720;1.572E-2;2.729E-2
30.760;1.897E-2;2.737E-2
30.800;2.159E-2;2.762E-2
30.840;2.375E-2;2.778E-2
30.880;2.523E-2;2.779E-2
30.920;2.607E-2;2.778E-2
30.960;2.632E-2;2.781E-2
31.000;2.606E-2;2.771E-2
31.040;2.490E-2;2.768E-2
31.080;2.292E-2;2.757E-2
31.120;2.068E-2;2.746E-2
31.160;1.760E-2;2.730E-2
31.200;1.428E-2;2.720E-2
31.240;1.053E-2;2.699E-2
31.280;6.482E-3;2.698E-2
31.320;2.247E-3;2.688E-2
31.360;-2.139E-3;2.696E-2
31.400;-6.421E-3;2.701E-2
31.440;-1.053E-2;2.709E-2
31.480;-1.445E-2;2.717E-2
31.520;-1.806E-2;2.723E-2
31.560;-2.116E-2;2.734E-2
31.600;-2.377E-2;2.743E-2
31.640;-2.580E-2;2.767E-2
31.680;-2.725E-2;2.777E-2
31.720;-2.803E-2;2.776E-2
31.760;-2.811E-2;2.771E-2
31.800;-2.761E-2;2.766E-2
31.840;-2.616E-2;2.757E-2
31.880;-2.410E-2;2.747E-2
31.920;-2.155E-2;2.741E-2
31.960;-1.847E-2;2.733E-2
32.000;-1.509E-2;2.712E-2
32.040;-1.133E-2;2.697E-2
32.080;-7.230E-3;2.695E-2
32.120;-3.132E-3;2.695E-2
32.160;1.056E-3;2.696E-2
32.200;5.057E-3;2.711E-2
32.240;8.928E-3;2.715E-2
32.280;1.250E-2;2.724E-2
32.320;1.569E-2;2.727E-2
32.360;1.842E-2;2.733E-2
32.400;2.077E-2;2.745E-2
32.440;2.263E-2;2.765E-2
32.480;2.367E-2;2.769E-2
32.520;2.425E-2;2.770E-2
32.560;2.430E-2;2.769E-2
32.600;2.377E-2;2.767E-2
32.640;2.230E-2;2.760E-2
32.680;2.026E-2;2.749E-2
32.720;1.777E-2;2.744E-2
32.760;1.500E-2;2.731E-2
32.800;1.171E-2;2.714E-2
32.840;8.069E-3;2.696E-2
32.880;4.187E-3;2.697E-2
32.920;2.359E-4;2.696E-2
32.960;-3.760E-3;2.700E-2
33.000;-7.674E-3;2.707E-2
33.040;-1.136E-2;2.717E-2
33.080;-1.484E-2;2.721E-2
33.120;-1.797E-2;2.727E-2
33.160;-2.076E-2;2.733E-2
33.200;-2.295E-2;2.745E-2
33.240;-2.468E-2;2.762E-2
33.280;-2.575E-2;2.764E-2
33.320;-2.627E-2;2.770E-2
33.360;-2.633E-2;2.766E-2
33.400;-2.585E-2;2.763E-2
33.440;-2.450E-2;2.753E-2
33.480;-2.260E-2;2.747E-2
33.520;-2.025E-2;2.748E-2
33.560;-1.731E-2;2.737E-2
33.600;-1.413E-2;2.728E-2
33.640;-1.064E-2;2.709E-2
33.680;-6.969E-3;2.709E-2
33.720;-3.143E-3;2.707E-2
33.760;8.126E-4;2.707E-2
33.800;4.613E-3;2.710E-2
33.840;8.263E-3;2.712E-2
33.880;1.164E-2;2.720E-2
33.920;1.464E-2;2.733E-2
33.960;1.714E-2;2.730E-2
34.000;1.937E-2;2.741E-2
34.040;2.100E-2;2.764E-2
34.080;2.203E-2;2.766E-2
34.120;2.251E-2;2.767E-2
34.160;2.265E-2;2.766E-2
34.200;2.220E-2;2.760E-2
34.240;2.093E-2;2.757E-2
34.280;1.906E-2;2.752E-2
34.320;1.689E-2;2.742E-2
34.360;1.446E-2;2.735E-2
34.400;1.125E-2;2.719E-2
34.440;7.997E-3;2.705E-2
34.480;4.477E-3;2.695E-2
34.520;7.336E-4;2.694E-2
34.560;-2.988E-3;2.695E-2
34.600;-6.721E-3;2.710E-2
34.640;-1.026E-2;2.712E-2
34.680;-1.350E-2;2.713E-2
34.720;-1.656E-2;2.721E-2
34.760;-1.912E-2;2.731E-2
34.800;-2.127E-2;2.737E-2
34.840;-2.275E-2;2.752E-2
34.880;-2.393E-2;2.766E-2
34.920;-2.457E-2;2.767E-2
34.960;-2.467E-2;2.763E-2
35.000;-2.439E-2;2.762E-2
35.040;-2.350E-2;2.757E-2
35.080;-2.190E-2;2.751E-2
35.120;-1.987E-2;2.751E-2
35.160;-1.731E-2;2.741E-2
35.200;-1.441E-2;2.733E-2
35.240;-1.130E-2;2.711E-2
35.280;-7.942E-3;2.712E-2
35.320;-4.369E-3;2.708E-2
35.360;-8.071E-4;2.701E-2
35.400;2.743E-3;2.716E-2
35.440;6.187E-3;2.717E-2
35.480;9.388E-3;2.719E-2
35.520;1.232E-2;2.724E-2
35.560;1.489E-2;2.726E-2
35.600;1.684E-2;2.728E-2
35.640;1.853E-2;2.734E-2
35.680;1.983E-2;2.734E-2
35.720;2.057E-2;2.735E-2
35.760;2.079E-2;2.743E-2
35.800;2.072E-2;2.748E-2
35.840;1.989E-2;2.747E-2
35.880;1.849E-2;2.745E-2
35.920;1.671E-2;2.738E-2
35.960;1.457E-2;2.737E-2
36.000;1.200E-2;2.734E-2
36.040;9.001E-3;2.721E-2
36.080;5.713E-3;2.703E-2
36.120;2.420E-3;2.705E-2
36.160;-1.008E-3;2.707E-2
36.200;-4.438E-3;2.704E-2
36.240;-7.822E-3;2.708E-2
36.280;-1.112E-2;2.714E-2
36.320;-1.401E-2;2.719E-2
36.360;-1.664E-2;2.726E-2
36.400;-1.893E-2;2.726E-2
36.440;-2.077E-2;2.729E-2
36.480;-2.210E-2;2.732E-2
36.520;-2.275E-2;2.740E-2
36.560;-2.305E-2;2.743E-2
36.600;-2.279E-2;2.747E-2
36.640;-2.183E-2;2.740E-2
36.680;-2.028E-2;2.742E-2
36.720;-1.832E-2;2.742E-2
36.760;-1.597E-2;2.736E-2
36.800;-1.320E-2;2.736E-2
36.840;-1.028E-2;2.733E-2
36.880;-7.014E-3;2.722E-2
36.920;-3.683E-3;2.718E-2
36.960;-2.864E-4;2.712E-2
37.000;3.041E-3;2.711E-2
37.040;6.241E-3;2.718E-2
37.080;9.164E-3;2.721E-2
37.120;1.185E-2;2.728E-2
37.160;1.427E-2;2.729E-2
37.200;1.604E-2;2.725E-2
37.240;1.728E-2;2.724E-2
37.280;1.820E-2;2.730E-2
37.320;1.901E-2;2.729E-2
37.360;1.927E-2;2.724E-2
37.400;1.918E-2;2.721E-2
37.440;1.854E-2;2.718E-2
37.480;1.755E-2;2.711E-2
37.520;1.626E-2;2.705E-2
37.560;1.454E-2;2.703E-2
37.600;1.218E-2;2.692E-2
37.640;9.558E-3;2.690E-2
37.680;6.594E-3;2.687E-2
37.720;3.554E-3;2.691E-2
37.760;4.417E-4;2.698E-2
37.800;-2.851E-3;2.696E-2
37.840;-6.093E-3;2.700E-2
37.880;-9.131E-3;2.709E-2
37.920;-1.191E-2;2.714E-2
37.960;-1.448E-2;2.716E-2
38.000;-1.679E-2;2.726E-2
38.040;-1.861E-2;2.724E-2
38.080;-2.001E-2;2.727E-2
38.120;-2.100E-2;2.726E-2
38.160;-2.138E-2;2.723E-2
38.200;-2.152E-2;2.723E-2
38.240;-2.122E-2;2.721E-2
38.280;-2.031E-2;2.719E-2
38.320;-1.879E-2;2.704E-2
38.360;-1.687E-2;2.703E-2
38.400;-1.469E-2;2.697E-2
38.440;-1.222E-2;2.695E-2
38.480;-9.444E-3;2.696E-2
38.520;-6.586E-3;2.691E-2
38.560;-3.569E-3;2.695E-2
38.600;-4.133E-4;2.700E-2
38.640;2.653E-3;2.704E-2
38.680;5.489E-3;2.707E-2
38.720;8.260E-3;2.709E-2
38.760;1.075E-2;2.719E-2
38.800;1.300E-2;2.723E-2
38.840;1.469E-2;2.723E-2
38.880;1.573E-2;2.722E-2
38.920;1.638E-2;2.718E-2
38.960;1.669E-2;2.716E-2
39.000;1.670E-2;2.715E-2
39.040;1.650E-2;2.715E-2
39.080;1.598E-2;2.711E-2
39.120;1.469E-2;2.709E-2
39.160;1.285E-2;2.708E-2
39.200;1.056E-2;2.699E-2
39.240;8.049E-3;2.699E-2
39.280;5.364E-3;2.696E-2
39.320;2.466E-3;2.691E-2
39.360;-5.163E-4;2.694E-2
39.400;-3.498E-3;2.700E-2
39.440;-6.422E-3;2.700E-2
39.480;-9.150E-3;2.708E-2
39.520;-1.171E-2;2.709E-2
39.560;-1.404E-2;2.715E-2
39.600;-1.606E-2;2.718E-2
39.640;-1.769E-2;2.725E-2
39.680;-1.881E-2;2.723E-2
39.720;-1.955E-2;2.724E-2
39.760;-1.992E-2;2.719E-2
39.800;-1.989E-2;2.720E-2
39.840;-1.958E-2;2.715E-2
39.880;-1.861E-2;2.713E-2
39.920;-1.724E-2;2.704E-2
39.960;-1.546E-2;2.708E-2
40.000;-1.324E-2;2.698E-2
40.040;-1.084E-2;2.697E-2
40.080;-8.267E-3;2.694E-2
40.120;-5.564E-3;2.696E-2
40.160;-2.770E-3;2.689E-2
40.200;8.774E-5;2.698E-2
40.240;2.785E-3;2.705E-2
40.280;5.359E-3;2.708E-2
40.320;7.892E-3;2.716E-2
40.360;1.028E-2;2.714E-2
40.400;1.221E-2;2.716E-2
40.440;1.378E-2;2.723E-2
40.480;1.467E-2;2.721E-2
40.520;1.505E-2;2.717E-2
40.560;1.498E-2;2.714E-2
40.600;1.430E-2;2.715E-2
40.640;1.278E-2;2.707E-2
40.680;1.079E-2;2.704E-2
40.720;8.632E-3;2.698E-2
40.760;6.307E-3;2.702E-2
40.800;3.742E-3;2.696E-2
40.840;1.029E-3;2.699E-2
40.880;-1.753E-3;2.696E-2
40.920;-4.521E-3;2.700E-2
40.960;-7.119E-3;2.705E-2
41.000;-9.602E-3;2.705E-2
41.040;-1.188E-2;2.714E-2
41.080;-1.386E-2;2.714E-2
41.120;-1.558E-2;2.716E-2
41.160;-1.704E-2;2.726E-2
41.200;-1.786E-2;2.720E-2
41.240;-1.840E-2;2.718E-2
41.280;-1.864E-2;2.717E-2
41.320;-1.848E-2;2.716E-2
41.360;-1.798E-2;2.709E-2
41.400;-1.686E-2;2.708E-2
41.440;-1.536E-2;2.708E-2
41.480;-1.352E-2;2.700E-2
41.520;-1.147E-2;2.696E-2
41.560;-9.146E-3;2.700E-2
41.600;-6.692E-3;2.696E-2
41.640;-4.056E-3;2.700E-2
41.680;-1.482E-3;2.701E-2
41.720;1.099E-3;2.707E-2
41.760;3.653E-3;2.706E-2
41.800;6.105E-3;2.709E-2
41.840;8.241E-3;2.712E-2
41.880;1.018E-2;2.720E-2
41.920;1.187E-2;2.719E-2
41.960;1.319E-2;2.726E-2
42.000;1.402E-2;2.724E-2
42.040;1.424E-2;2.719E-2
42.080;1.381E-2;2.714E-2
42.120;1.249E-2;2.707E-2
42.160;1.091E-2;2.706E-2
42.200;9.061E-3;2.702E-2
42.240;6.943E-3;2.701E-2
42.280;4.642E-3;2.698E-2
42.320;2.288E-3;2.692E-2
42.360;-2.880E-4;2.698E-2
42.400;-2.871E-3;2.704E-2
42.440;-5.344E-3;2.702E-2
42.480;-7.688E-3;2.706E-2
42.520;-9.875E-3;2.711E-2
42.560;-1.186E-2;2.711E-2
42.600;-1.355E-2;2.714E-2
42.640;-1.497E-2;2.720E-2
42.680;-1.610E-2;2.717E-2
42.720;-1.683E-2;2.717E-2
42.760;-1.720E-2;2.716E-2
42.800;-1.729E-2;2.714E-2
42.840;-1.702E-2;2.716E-2
42.880;-1.608E-2;2.703E-2
42.920;-1.499E-2;2.708E-2
42.960;-1.347E-2;2.706E-2
43.000;-1.158E-2;2.701E-2
43.040;-9.543E-3;2.701E-2
43.080;-7.350E-3;2.703E-2
43.120;-4.974E-3;2.701E-2
43.160;-2.715E-3;2.700E-2
43.200;-2.844E-4;2.698E-2
43.240;2.123E-3;2.702E-2
43.280;4.414E-3;2.707E-2
43.320;6.455E-3;2.707E-2
43.360;8.418E-3;2.710E-2
43.400;9.966E-3;2.713E-2
43.440;1.130E-2;2.720E-2
43.480;1.241E-2;2.722E-2
43.520;1.316E-2;2.722E-2
43.560;1.342E-2;2.717E-2
43.600;1.311E-2;2.713E-2
43.640;1.234E-2;2.711E-2
43.680;1.104E-2;2.709E-2
43.720;9.600E-3;2.703E-2
43.760;7.804E-3;2.700E-2
43.800;5.891E-3;2.702E-2
43.840;3.834E-3;2.693E-2
43.880;1.516E-3;2.699E-2
43.920;-8.342E-4;2.703E-2
43.960;-3.094E-3;2.697E-2
44.000;-5.344E-3;2.699E-2
44.040;-7.489E-3;2.710E-2
44.080;-9.579E-3;2.709E-2
44.120;-1.135E-2;2.713E-2
44.160;-1.298E-2;2.712E-2
44.200;-1.413E-2;2.712E-2
44.240;-1.511E-2;2.717E-2
44.280;-1.580E-2;2.716E-2
44.320;-1.606E-2;2.716E-2
44.360;-1.624E-2;2.714E-2
44.400;-1.604E-2;2.714E-2
44.440;-1.539E-2;2.712E-2
44.480;-1.431E-2;2.710E-2
44.520;-1.295E-2;2.707E-2
44.560;-1.134E-2;2.708E-2
44.600;-9.477E-3;2.701E-2
44.640;-7.544E-3;2.703E-2
44.680;-5.408E-3;2.699E-2
44.720;-3.126E-3;2.700E-2
44.760;-8.515E-4;2.702E-2
44.800;1.368E-3;2.707E-2
44.840;3.577E-3;2.709E-2
44.880;5.609E-3;2.707E-2
44.920;7.283E-3;2.709E-2
44.960;8.840E-3;2.711E-2
45.000;1.014E-2;2.720E-2
45.040;1.127E-2;2.721E-2
45.080;1.195E-2;2.717E-2
45.120;1.242E-2;2.715E-2
45.160;1.264E-2;2.713E-2
45.200;1.244E-2;2.709E-2
45.240;1.185E-2;2.710E-2
45.280;1.094E-2;2.707E-2
45.320;9.649E-3;2.709E-2
45.360;8.095E-3;2.702E-2
45.400;6.315E-3;2.706E-2
45.440;4.437E-3;2.698E-2
45.480;2.298E-3;2.694E-2
45.520;1.973E-4;2.704E-2
45.560;-1.928E-3;2.703E-2
45.600;-4.060E-3;2.704E-2
45.640;-6.161E-3;2.708E-2
45.680;-8.067E-3;2.709E-2
45.720;-9.847E-3;2.709E-2
45.760;-1.137E-2;2.712E-2
45.800;-1.254E-2;2.713E-2
45.840;-1.360E-2;2.713E-2
45.880;-1.421E-2;2.714E-2
45.920;-1.458E-2;2.714E-2
45.960;-1.479E-2;2.713E-2
46.000;-1.458E-2;2.711E-2
46.040;-1.418E-2;2.710E-2
46.080;-1.331E-2;2.709E-2
46.120;-1.227E-2;2.706E-2
46.160;-1.083E-2;2.706E-2
46.200;-9.251E-3;2.703E-2
46.240;-7.441E-3;2.703E-2
46.280;-5.455E-3;2.699E-2
46.320;-3.366E-3;2.697E-2
46.360;-1.366E-3;2.702E-2
46.400;6.646E-4;2.710E-2
46.440;2.656E-3;2.706E-2
46.480;4.474E-3;2.706E-2
46.520;6.177E-3;2.717E-2
46.560;7.614E-3;2.715E-2
46.600;8.889E-3;2.712E-2
46.640;9.868E-3;2.715E-2
46.680;1.059E-2;2.714E-2
46.720;1.105E-2;2.712E-2
46.760;1.117E-2;2.713E-2
46.800;1.109E-2;2.710E-2
46.840;1.068E-2;2.711E-2
46.880;9.852E-3;2.707E-2
46.920;8.706E-3;2.704E-2
46.960;7.330E-3;2.703E-2
47.000;5.717E-3;2.704E-2
47.040;4.042E-3;2.701E-2
47.080;2.231E-3;2.699E-2
47.120;2.983E-4;2.698E-2
47.160;-1.626E-3;2.702E-2
47.200;-3.656E-3;2.704E-2
47.240;-5.567E-3;2.704E-2
47.280;-7.334E-3;2.706E-2
47.320;-8.931E-3;2.711E-2
47.360;-1.043E-2;2.709E-2
47.400;-1.159E-2;2.710E-2
47.440;-1.257E-2;2.712E-2
47.480;-1.325E-2;2.712E-2
47.520;-1.357E-2;2.713E-2
47.560;-1.369E-2;2.712E-2
47.600;-1.353E-2;2.712E-2
47.640;-1.311E-2;2.709E-2
47.680;-1.223E-2;2.708E-2
47.720;-1.109E-2;2.704E-2
47.760;-9.813E-3;2.704E-2
47.800;-8.202E-3;2.705E-2
47.840;-6.543E-3;2.707E-2
47.880;-4.691E-3;2.704E-2
47.920;-2.787E-3;2.701E-2
47.960;-9.893E-4;2.704E-2
48.000;9.545E-4;2.701E-2
48.040;2.655E-3;2.707E-2
48.080;4.319E-3;2.708E-2
48.120;5.796E-3;2.711E-2
48.160;7.058E-3;2.711E-2
48.200;8.219E-3;2.712E-2
48.240;9.069E-3;2.715E-2
48.280;9.717E-3;2.713E-2
48.320;1.009E-2;2.712E-2
48.360;1.007E-2;2.709E-2
48.400;9.874E-3;2.707E-2
48.440;9.319E-3;2.707E-2
48.480;8.370E-3;2.705E-2
48.520;7.266E-3;2.702E-2
48.560;5.901E-3;2.705E-2
48.600;4.448E-3;2.703E-2
48.640;2.731E-3;2.706E-2
48.680;1.038E-3;2.703E-2
48.720;-8.300E-4;2.698E-2
48.760;-2.623E-3;2.704E-2
48.800;-4.243E-3;2.705E-2
48.840;-5.926E-3;2.707E-2
48.880;-7.351E-3;2.707E-2
48.920;-8.813E-3;2.713E-2
48.960;-1.009E-2;2.712E-2
49.000;-1.115E-2;2.708E-2
49.040;-1.182E-2;2.711E-2
49.080;-1.236E-2;2.711E-2
49.120;-1.261E-2;2.711E-2
49.160;-1.262E-2;2.709E-2
49.200;-1.238E-2;2.708E-2
49.240;-1.179E-2;2.708E-2
49.280;-1.103E-2;2.710E-2
49.320;-9.822E-3;2.709E-2
49.360;-8.456E-3;2.706E-2
49.400;-7.107E-3;2.707E-2
49.440;-5.480E-3;2.703E-2
49.480;-3.850E-3;2.703E-2
49.520;-2.249E-3;2.698E-2
49.560;-5.819E-4;2.708E-2
49.600;1.036E-3;2.706E-2
49.640;2.600E-3;2.707E-2
49.680;4.058E-3;2.708E-2
49.720;5.338E-3;2.711E-2
49.760;6.525E-3;2.708E-2
49.800;7.423E-3;2.714E-2
49.840;8.155E-3;2.714E-2
49.880;8.620E-3;2.717E-2
49.920;8.921E-3;2.711E-2
49.960;8.910E-3;2.706E-2
50.000;8.738E-3;2.710E-2
50.040;8.374E-3;2.706E-2
50.080;7.598E-3;2.705E-2
50.120;6.642E-3;2.706E-2
50.160;5.407E-3;2.702E-2
50.200;4.203E-3;2.703E-2
50.240;2.779E-3;2.705E-2
50.280;1.257E-3;2.704E-2
50.320;-3.814E-4;2.700E-2
50.360;-1.883E-3;2.704E-2
50.400;-3.473E-3;2.704E-2
50.440;-4.986E-3;2.702E-2
50.480;-6.526E-3;2.709E-2
50.520;-7.748E-3;2.708E-2
50.560;-8.916E-3;2.710E-2
50.600;-9.867E-3;2.713E-2
50.640;-1.052E-2;2.712E-2
50.680;-1.112E-2;2.714E-2
50.720;-1.146E-2;2.711E-2
50.760;-1.155E-2;2.708E-2
50.800;-1.142E-2;2.708E-2
50.840;-1.114E-2;2.708E-2
50.880;-1.049E-2;2.704E-2
50.920;-9.667E-3;2.709E-2
50.960;-8.584E-3;2.710E-2
51.000;-7.359E-3;2.706E-2
51.040;-6.041E-3;2.701E-2
51.080;-4.582E-3;2.705E-2
51.120;-3.110E-3;2.705E-2
51.160;-1.579E-3;2.707E-2
51.200;-1.134E-4;2.703E-2
51.240;1.329E-3;2.709E-2
51.280;2.703E-3;2.708E-2
51.320;3.926E-3;2.706E-2
51.360;4.928E-3;2.709E-2
51.400;5.923E-3;2.711E-2
51.440;6.615E-3;2.709E-2
51.480;7.145E-3;2.712E-2
51.520;7.476E-3;2.709E-2
51.560;7.663E-3;2.708E-2
51.600;7.684E-3;2.707E-2
51.640;7.550E-3;2.708E-2
51.680;7.289E-3;2.708E-2
51.720;6.652E-3;2.706E-2
51.760;5.708E-3;2.701E-2
51.800;4.831E-3;2.703E-2
51.840;3.715E-3;2.704E-2
51.880;2.540E-3;2.705E-2
51.920;1.223E-3;2.706E-2
51.960;-2.121E-4;2.706E-2
52.000;-1.615E-3;2.701E-2
52.040;-3.055E-3;2.703E-2
52.080;-4.457E-3;2.703E-2
52.120;-5.776E-3;2.706E-2
52.160;-6.903E-3;2.714E-2
52.200;-7.968E-3;2.712E-2
52.240;-8.813E-3;2.710E-2
52.280;-9.516E-3;2.709E-2
52.320;-1.004E-2;2.707E-2
52.360;-1.041E-2;2.709E-2
52.400;-1.045E-2;2.711E-2
52.440;-1.040E-2;2.708E-2
52.480;-1.012E-2;2.709E-2
52.520;-9.680E-3;2.708E-2
52.560;-8.982E-3;2.705E-2
52.600;-8.072E-3;2.706E-2
52.640;-6.979E-3;2.706E-2
52.680;-5.856E-3;2.705E-2
52.720;-4.561E-3;2.705E-2
52.760;-3.285E-3;2.704E-2
52.800;-1.940E-3;2.707E-2
52.840;-6.042E-4;2.707E-2
52.880;6.292E-4;2.711E-2
52.920;1.861E-3;2.707E-2
52.960;2.988E-3;2.709E-2
53.000;3.980E-3;2.704E-2
53.040;4.776E-3;2.709E-2
53.080;5.474E-3;2.709E-2
53.120;6.045E-3;2.711E-2
53.160;6.385E-3;2.711E-2
53.200;6.578E-3;2.705E-2
53.240;6.571E-3;2.706E-2
53.280;6.351E-3;2.709E-2
53.320;6.015E-3;2.708E-2
53.360;5.395E-3;2.711E-2
53.400;4.527E-3;2.703E-2
53.440;3.514E-3;2.705E-2
53.480;2.453E-3;2.705E-2
53.520;1.372E-3;2.709E-2
53.560;2.237E-4;2.706E-2
53.600;-9.780E-4;2.706E-2
53.640;-2.186E-3;2.698E-2
53.680;-3.567E-3;2.708E-2
53.720;-4.685E-3;2.707E-2
53.760;-5.748E-3;2.704E-2
53.800;-6.703E-3;2.708E-2
53.840;-7.601E-3;2.709E-2
53.880;-8.171E-3;2.709E-2
53.920;-8.572E-3;2.707E-2
53.960;-8.975E-3;2.708E-2
54.000;-9.154E-3;2.711E-2
54.040;-9.141E-3;2.708E-2
54.080;-8.891E-3;2.707E-2
54.120;-8.470E-3;2.708E-2
54.160;-7.858E-3;2.707E-2
54.200;-7.072E-3;2.709E-2
54.240;-6.119E-3;2.709E-2
54.280;-5.088E-3;2.709E-2
54.320;-4.024E-3;2.706E-2
54.360;-2.944E-3;2.706E-2
54.400;-1.705E-3;2.706E-2
54.440;-6.072E-4;2.706E-2
54.480;4.952E-4;2.708E-2
54.520;1.484E-3;2.706E-2
54.560;2.447E-3;2.709E-2
54.600;3.343E-3;2.707E-2
54.640;3.951E-3;2.715E-2
54.680;4.508E-3;2.710E-2
54.720;4.878E-3;2.710E-2
54.760;5.187E-3;2.711E-2
54.800;5.434E-3;2.708E-2
54.840;5.412E-3;2.708E-2
54.880;5.302E-3;2.707E-2
54.920;4.996E-3;2.708E-2
54.960;4.515E-3;2.705E-2
55.000;3.833E-3;2.705E-2
55.040;3.099E-3;2.704E-2
55.080;2.258E-3;2.701E-2
55.120;1.236E-3;2.708E-2
55.160;2.650E-4;2.702E-2
55.200;-7.815E-4;2.703E-2
55.240;-1.842E-3;2.705E-2
55.280;-2.952E-3;2.705E-2
55.320;-3.949E-3;2.706E-2
55.360;-4.950E-3;2.707E-2
55.400;-5.846E-3;2.705E-2
55.440;-6.550E-3;2.707E-2
55.480;-7.123E-3;2.708E-2
55.520;-7.555E-3;2.709E-2
55.560;-7.814E-3;2.709E-2
55.600;-8.011E-3;2.706E-2
55.640;-8.022E-3;2.708E-2
55.680;-7.907E-3;2.705E-2
55.720;-7.634E-3;2.708E-2
55.760;-7.107E-3;2.710E-2
55.800;-6.508E-3;2.711E-2
55.840;-5.771E-3;2.705E-2
55.880;-4.801E-3;2.705E-2
55.920;-3.871E-3;2.703E-2
55.960;-2.954E-3;2.708E-2
56.000;-2.043E-3;2.707E-2
56.040;-9.873E-4;2.709E-2
56.080;6.121E-5;2.704E-2
56.120;8.694E-4;2.707E-2
56.160;1.664E-3;2.706E-2
56.200;2.388E-3;2.710E-2
56.240;3.018E-3;2.710E-2
56.280;3.588E-3;2.708E-2
56.320;3.969E-3;2.706E-2
56.360;4.163E-3;2.709E-2
56.400;4.338E-3;2.708E-2
56.440;4.322E-3;2.708E-2
56.480;4.174E-3;2.709E-2
56.520;3.906E-3;2.707E-2
56.560;3.508E-3;2.709E-2
56.600;2.911E-3;2.708E-2
56.640;2.345E-3;2.710E-2
56.680;1.603E-3;2.699E-2
56.720;7.407E-4;2.705E-2
56.760;-1.416E-4;2.704E-2
56.800;-1.067E-3;2.705E-2
56.840;-2.001E-3;2.706E-2
56.880;-2.828E-3;2.704E-2
56.920;-3.686E-3;2.709E-2
56.960;-4.496E-3;2.706E-2
57.000;-5.179E-3;2.708E-2
57.040;-5.783E-3;2.701E-2
57.080;-6.186E-3;2.705E-2
57.120;-6.612E-3;2.706E-2
57.160;-6.801E-3;2.710E-2
57.200;-6.900E-3;2.710E-2
57.240;-6.889E-3;2.708E-2
57.280;-6.735E-3;2.706E-2
57.320;-6.424E-3;2.706E-2
57.360;-5.953E-3;2.707E-2
57.400;-5.293E-3;2.707E-2
57.440;-4.617E-3;2.708E-2
57.480;-3.872E-3;2.707E-2
57.520;-3.100E-3;2.705E-2
57.560;-2.299E-3;2.706E-2
57.600;-1.507E-3;2.705E-2
57.640;-6.852E-4;2.704E-2
57.680;5.012E-5;2.704E-2
57.720;7.038E-4;2.712E-2
57.760;1.333E-3;2.712E-2
57.800;1.920E-3;2.711E-2
57.840;2.313E-3;2.709E-2
57.880;2.619E-3;2.710E-2
57.920;2.874E-3;2.707E-2
57.960;3.000E-3;2.708E-2
58.000;3.109E-3;2.708E-2
58.040;3.101E-3;2.707E-2
58.080;2.956E-3;2.706E-2
58.120;2.762E-3;2.706E-2
58.160;2.436E-3;2.710E-2
58.200;2.061E-3;2.707E-2
58.240;1.575E-3;2.707E-2
58.280;9.527E-4;2.707E-2
58.320;2.606E-4;2.707E-2
58.360;-4.819E-4;2.706E-2
58.400;-1.241E-3;2.709E-2
58.440;-1.974E-3;2.707E-2
58.480;-2.613E-3;2.706E-2
58.520;-3.292E-3;2.704E-2
58.560;-3.903E-3;2.704E-2
58.600;-4.547E-3;2.707E-2
58.640;-5.010E-3;2.704E-2
58.680;-5.413E-3;2.707E-2
58.720;-5.740E-3;2.706E-2
58.760;-5.893E-3;2.707E-2
58.800;-5.919E-3;2.706E-2
58.840;-5.812E-3;2.704E-2
58.880;-5.623E-3;2.702E-2
58.920;-5.373E-3;2.706E-2
58.960;-4.880E-3;2.704E-2
59.000;-4.417E-3;2.703E-2
59.040;-3.861E-3;2.703E-2
59.080;-3.359E-3;2.705E-2
59.120;-2.801E-3;2.707E-2
59.160;-2.224E-3;2.703E-2
59.200;-1.637E-3;2.707E-2
59.240;-1.114E-3;2.705E-2
59.280;-5.796E-4;2.707E-2
59.320;-4.143E-5;2.708E-2
59.360;3.677E-4;2.709E-2
59.400;8.525E-4;2.713E-2
59.440;1.170E-3;2.707E-2
59.480;1.363E-3;2.708E-2
59.520;1.528E-3;2.704E-2
59.560;1.564E-3;2.705E-2
59.600;1.493E-3;2.707E-2
59.640;1.312E-3;2.702E-2
59.680;1.081E-3;2.703E-2
59.720;7.518E-4;2.707E-2
59.760;3.898E-4;2.706E-2
59.800;-1.526E-4;2.706E-2
59.840;-6.839E-4;2.709E-2
59.880;-1.233E-3;2.707E-2
59.920;-1.771E-3;2.705E-2
59.960;-2.366E-3;2.707E-2
60.000;-2.906E-3;2.706E-2
60.040;-3.312E-3;2.707E-2
60.080;-3.762E-3;2.707E-2
60.120;-4.097E-3;2.706E-2
60.160;-4.398E-3;2.703E-2
60.200;-4.696E-3;2.705E-2
60.240;-4.817E-3;2.704E-2
60.280;-4.875E-3;2.707E-2
60.320;-4.829E-3;2.707E-2
60.360;-4.679E-3;2.706E-2
60.400;-4.540E-3;2.707E-2
60.440;-4.358E-3;2.707E-2
60.480;-4.144E-3;2.708E-2
60.520;-3.869E-3;2.706E-2
60.560;-3.642E-3;2.706E-2
60.600;-3.297E-3;2.705E-2
60.640;-2.933E-3;2.705E-2
60.680;-2.510E-3;2.706E-2
60.720;-2.117E-3;2.706E-2
60.760;-1.610E-3;2.704E-2
60.800;-1.268E-3;2.707E-2
60.840;-8.413E-4;2.708E-2
60.880;-4.523E-4;2.707E-2
60.920;-8.300E-5;2.712E-2
60.960;1.891E-4;2.707E-2
61.000;4.537E-4;2.705E-2
61.040;5.681E-4;2.706E-2
61.080;5.483E-4;2.707E-2
61.120;4.906E-4;2.706E-2
61.160;3.571E-4;2.706E-2
61.200;1.105E-4;2.709E-2
61.240;-1.439E-4;2.706E-2
61.280;-4.490E-4;2.709E-2
61.320;-8.024E-4;2.709E-2
61.360;-1.076E-3;2.705E-2
61.400;-1.465E-3;2.706E-2
61.440;-1.794E-3;2.705E-2
61.480;-2.161E-3;2.702E-2
61.520;-2.500E-3;2.705E-2
61.560;-2.734E-3;2.704E-2
61.600;-3.016E-3;2.706E-2
61.640;-3.191E-3;2.707E-2
61.680;-3.335E-3;2.706E-2
61.720;-3.516E-3;2.706E-2
61.760;-3.549E-3;2.706E-2
61.800;-3.532E-3;2.706E-2
61.840;-3.419E-3;2.707E-2
61.880;-3.303E-3;2.706E-2
61.920;-3.156E-3;2.708E-2
61.960;-2.894E-3;2.707E-2
62.000;-2.664E-3;2.711E-2
62.040;-2.409E-3;2.708E-2
62.080;-2.180E-3;2.704E-2
62.120;-1.911E-3;2.706E-2
62.160;-1.613E-3;2.706E-2
62.200;-1.380E-3;2.708E-2
62.240;-1.126E-3;2.707E-2
62.280;-9.123E-4;2.706E-2
