;mass A;;
t;x;y;
0.000;6.546E-2;2.182E-2
0.040;7.676E-2;2.196E-2
0.080;8.240E-2;2.406E-2
0.120;8.936E-2;2.633E-2
0.160;9.516E-2;2.861E-2
0.200;9.893E-2;2.954E-2
0.240;9.993E-2;2.961E-2
0.280;9.946E-2;2.945E-2
0.320;9.637E-2;2.872E-2
0.360;9.016E-2;2.733E-2
0.400;8.341E-2;2.534E-2
0.440;7.372E-2;2.346E-2
0.480;7.331E-2;2.234E-2
0.520;6.042E-2;2.272E-2
0.560;3.812E-2;2.007E-2
0.600;1.774E-2;1.703E-2
0.640;1.824E-3;1.727E-2
0.680;-1.315E-2;1.771E-2
0.720;-2.880E-2;1.882E-2
0.760;-4.328E-2;2.025E-2
0.800;-5.713E-2;2.320E-2
0.840;-5.615E-2;2.315E-2
0.880;-7.986E-2;2.737E-2
0.920;-8.759E-2;2.982E-2
0.960;-9.285E-2;3.188E-2
1.000;-9.717E-2;3.304E-2
1.040;-9.945E-2;3.335E-2
1.080;-9.970E-2;3.320E-2
1.120;-9.742E-2;3.223E-2
1.160;-9.276E-2;3.109E-2
1.200;-8.553E-2;2.949E-2
1.240;-7.631E-2;2.742E-2
1.280;-6.513E-2;2.431E-2
1.320;-5.296E-2;2.092E-2
1.360;-4.038E-2;1.981E-2
1.400;-2.583E-2;1.963E-2
1.440;-1.092E-2;1.872E-2
1.480;4.408E-3;1.750E-2
1.520;1.921E-2;1.733E-2
1.560;3.385E-2;1.938E-2
1.600;4.744E-2;2.079E-2
1.640;5.983E-2;2.206E-2
1.680;7.128E-2;2.285E-2
1.720;7.946E-2;2.510E-2
1.760;8.590E-2;2.655E-2
1.800;9.138E-2;2.762E-2
1.840;9.352E-2;2.842E-2
1.880;9.441E-2;2.871E-2
1.920;9.374E-2;2.842E-2
1.960;9.017E-2;2.757E-2
2.000;8.457E-2;2.675E-2
2.040;7.669E-2;2.529E-2
2.080;6.707E-2;2.298E-2
2.120;5.616E-2;2.187E-2
2.160;4.308E-2;1.978E-2
2.200;3.043E-2;1.864E-2
2.240;1.586E-2;1.798E-2
2.280;1.522E-3;1.852E-2
2.320;-1.254E-2;1.863E-2
2.360;-2.707E-2;1.964E-2
2.400;-4.031E-2;2.120E-2
2.440;-5.261E-2;2.310E-2
2.480;-6.386E-2;2.564E-2
2.520;-7.310E-2;2.761E-2
2.560;-8.086E-2;2.919E-2
2.600;-8.611E-2;3.041E-2
2.640;-8.998E-2;3.190E-2
2.680;-9.221E-2;3.252E-2
2.720;-9.283E-2;3.258E-2
2.760;-9.112E-2;3.201E-2
2.800;-8.721E-2;3.112E-2
2.840;-8.078E-2;2.978E-2
2.880;-7.276E-2;2.798E-2
2.920;-6.288E-2;2.546E-2
2.960;-5.182E-2;2.266E-2
3.000;-3.963E-2;2.166E-2
3.040;-2.676E-2;1.998E-2
3.080;-1.317E-2;1.968E-2
3.120;1.140E-3;1.803E-2
3.160;1.489E-2;1.770E-2
3.200;2.863E-2;1.880E-2
3.240;4.055E-2;2.010E-2
3.280;5.282E-2;2.105E-2
3.320;6.288E-2;2.250E-2
3.360;7.103E-2;2.339E-2
3.400;7.752E-2;2.441E-2
3.440;8.177E-2;2.534E-2
3.480;8.485E-2;2.618E-2
3.520;8.602E-2;2.624E-2
3.560;8.572E-2;2.604E-2
3.600;8.314E-2;2.560E-2
3.640;7.835E-2;2.517E-2
3.680;7.103E-2;2.379E-2
3.720;6.241E-2;2.260E-2
3.760;5.247E-2;2.112E-2
3.800;4.100E-2;1.989E-2
3.840;2.880E-2;1.907E-2
3.880;1.529E-2;1.890E-2
3.920;1.718E-3;1.889E-2
3.960;-1.162E-2;1.927E-2
4.000;-2.518E-2;1.994E-2
4.040;-3.737E-2;2.119E-2
4.080;-4.888E-2;2.335E-2
4.120;-5.925E-2;2.464E-2
4.160;-6.784E-2;2.649E-2
4.200;-7.486E-2;2.815E-2
4.240;-7.956E-2;2.921E-2
4.280;-8.356E-2;3.035E-2
4.320;-8.593E-2;3.102E-2
4.360;-8.613E-2;3.094E-2
4.400;-8.493E-2;3.053E-2
4.440;-8.165E-2;2.979E-2
4.480;-7.612E-2;2.858E-2
4.520;-6.933E-2;2.676E-2
4.560;-6.016E-2;2.452E-2
4.600;-4.984E-2;2.227E-2
4.640;-3.863E-2;2.111E-2
4.680;-2.700E-2;2.005E-2
4.720;-1.397E-2;1.986E-2
4.760;-7.301E-4;1.890E-2
4.800;1.235E-2;1.813E-2
4.840;2.472E-2;1.881E-2
4.880;3.635E-2;1.986E-2
4.920;4.779E-2;2.102E-2
4.960;5.802E-2;2.214E-2
5.000;6.619E-2;2.254E-2
5.040;7.271E-2;2.288E-2
5.080;7.662E-2;2.440E-2
5.120;7.997E-2;2.526E-2
5.160;8.115E-2;2.515E-2
5.200;8.092E-2;2.469E-2
5.240;7.831E-2;2.449E-2
5.280;7.392E-2;2.368E-2
5.320;6.756E-2;2.260E-2
5.360;5.973E-2;2.207E-2
5.400;4.984E-2;2.079E-2
5.440;3.927E-2;1.961E-2
5.480;2.707E-2;1.858E-2
5.520;1.500E-2;1.889E-2
5.560;2.551E-3;1.859E-2
5.600;-9.950E-3;1.920E-2
5.640;-2.237E-2;1.991E-2
5.680;-3.381E-2;2.079E-2
5.720;-4.509E-2;2.256E-2
5.760;-5.489E-2;2.385E-2
5.800;-6.290E-2;2.545E-2
5.840;-6.968E-2;2.700E-2
5.880;-7.485E-2;2.839E-2
5.920;-7.855E-2;2.904E-2
5.960;-8.060E-2;2.949E-2
6.000;-8.095E-2;2.963E-2
6.040;-8.032E-2;2.947E-2
6.080;-7.767E-2;2.914E-2
6.120;-7.278E-2;2.769E-2
6.160;-6.614E-2;2.602E-2
6.200;-5.824E-2;2.466E-2
6.240;-4.846E-2;2.305E-2
6.280;-3.812E-2;2.178E-2
6.320;-2.702E-2;2.050E-2
6.360;-1.501E-2;1.976E-2
6.400;-2.790E-3;1.851E-2
6.440;9.326E-3;1.836E-2
6.480;2.071E-2;1.871E-2
6.520;3.206E-2;1.948E-2
6.560;4.269E-2;2.032E-2
6.600;5.229E-2;2.090E-2
6.640;6.034E-2;2.178E-2
6.680;6.697E-2;2.199E-2
6.720;7.115E-2;2.267E-2
6.760;7.379E-2;2.297E-2
6.800;7.521E-2;2.288E-2
6.840;7.515E-2;2.298E-2
6.880;7.324E-2;2.297E-2
6.920;6.988E-2;2.305E-2
6.960;6.437E-2;2.193E-2
7.000;5.646E-2;2.166E-2
7.040;4.714E-2;2.062E-2
7.080;3.727E-2;1.956E-2
7.120;2.634E-2;1.871E-2
7.160;1.527E-2;1.903E-2
7.200;4.072E-3;1.856E-2
7.240;-7.711E-3;1.866E-2
7.280;-1.923E-2;1.946E-2
7.320;-3.043E-2;2.063E-2
7.360;-4.069E-2;2.162E-2
7.400;-5.053E-2;2.339E-2
7.440;-5.789E-2;2.481E-2
7.480;-6.433E-2;2.580E-2
7.520;-6.968E-2;2.703E-2
7.560;-7.329E-2;2.791E-2
7.600;-7.507E-2;2.850E-2
7.640;-7.576E-2;2.844E-2
7.680;-7.541E-2;2.846E-2
7.720;-7.363E-2;2.794E-2
7.760;-6.870E-2;2.660E-2
7.800;-6.294E-2;2.530E-2
7.840;-5.553E-2;2.428E-2
7.880;-4.708E-2;2.273E-2
7.920;-3.713E-2;2.143E-2
7.960;-2.682E-2;2.054E-2
8.000;-1.521E-2;1.957E-2
8.040;-3.681E-3;1.866E-2
8.080;7.768E-3;1.796E-2
8.120;1.893E-2;1.859E-2
8.160;2.817E-2;1.872E-2
8.200;3.893E-2;1.999E-2
8.240;4.798E-2;2.074E-2
8.280;5.566E-2;2.136E-2
8.320;6.267E-2;2.159E-2
8.360;6.762E-2;2.204E-2
8.400;7.053E-2;2.207E-2
8.440;7.112E-2;2.208E-2
8.480;7.114E-2;2.178E-2
8.520;7.005E-2;2.174E-2
8.560;6.683E-2;2.179E-2
8.600;6.132E-2;2.164E-2
8.640;5.440E-2;2.101E-2
8.680;4.528E-2;1.996E-2
8.720;3.628E-2;1.939E-2
8.760;2.627E-2;1.867E-2
8.800;1.572E-2;1.842E-2
8.840;4.707E-3;1.836E-2
8.880;-6.417E-3;1.870E-2
8.920;-1.695E-2;1.954E-2
8.960;-2.776E-2;2.058E-2
9.000;-3.738E-2;2.161E-2
9.040;-4.660E-2;2.283E-2
9.080;-5.434E-2;2.411E-2
9.120;-6.056E-2;2.516E-2
9.160;-6.594E-2;2.618E-2
9.200;-6.943E-2;2.718E-2
9.240;-7.115E-2;2.756E-2
9.280;-7.187E-2;2.757E-2
9.320;-7.153E-2;2.741E-2
9.360;-6.975E-2;2.719E-2
9.400;-6.580E-2;2.636E-2
9.440;-5.988E-2;2.529E-2
9.480;-5.340E-2;2.419E-2
9.520;-4.533E-2;2.215E-2
9.560;-3.650E-2;2.150E-2
9.600;-2.632E-2;2.053E-2
9.640;-1.604E-2;1.980E-2
9.680;-4.911E-3;1.942E-2
9.720;5.950E-3;1.845E-2
9.760;1.619E-2;1.861E-2
9.800;2.634E-2;1.939E-2
9.840;3.556E-2;1.984E-2
9.880;4.361E-2;2.052E-2
9.920;5.128E-2;2.106E-2
9.960;5.801E-2;2.162E-2
10.000;6.248E-2;2.196E-2
10.040;6.501E-2;2.253E-2
10.080;6.645E-2;2.204E-2
10.120;6.698E-2;2.162E-2
10.160;6.604E-2;2.186E-2
10.200;6.260E-2;2.175E-2
10.240;5.804E-2;2.175E-2
10.280;5.223E-2;2.087E-2
10.320;4.441E-2;2.053E-2
10.360;3.542E-2;1.954E-2
10.400;2.572E-2;1.890E-2
10.440;1.552E-2;1.901E-2
10.480;5.093E-3;1.875E-2
10.520;-4.965E-3;1.880E-2
10.560;-1.539E-2;1.967E-2
10.600;-2.514E-2;2.038E-2
10.640;-3.483E-2;2.092E-2
10.680;-4.300E-2;2.203E-2
10.720;-5.051E-2;2.321E-2
10.760;-5.630E-2;2.417E-2
10.800;-6.114E-2;2.491E-2
10.840;-6.443E-2;2.578E-2
10.880;-6.679E-2;2.619E-2
10.920;-6.755E-2;2.605E-2
10.960;-6.725E-2;2.607E-2
11.000;-6.535E-2;2.554E-2
11.040;-6.167E-2;2.492E-2
11.080;-5.678E-2;2.452E-2
11.120;-5.031E-2;2.308E-2
11.160;-4.275E-2;2.195E-2
11.200;-3.418E-2;2.103E-2
11.240;-2.486E-2;2.018E-2
11.280;-1.453E-2;1.972E-2
11.320;-4.436E-3;1.885E-2
11.360;5.350E-3;1.816E-2
11.400;1.538E-2;1.887E-2
11.440;2.403E-2;1.930E-2
11.480;3.273E-2;1.980E-2
11.520;4.129E-2;2.012E-2
11.560;4.837E-2;2.095E-2
11.600;5.414E-2;2.078E-2
11.640;5.817E-2;2.159E-2
11.680;6.142E-2;2.191E-2
11.720;6.290E-2;2.186E-2
11.760;6.306E-2;2.174E-2
11.800;6.219E-2;2.181E-2
11.840;5.981E-2;2.139E-2
11.880;5.495E-2;2.114E-2
11.920;4.860E-2;2.074E-2
11.960;4.170E-2;2.029E-2
12.000;3.303E-2;1.979E-2
12.040;2.429E-2;1.899E-2
12.080;1.481E-2;1.887E-2
12.120;5.381E-3;1.869E-2
12.160;-4.322E-3;1.841E-2
12.200;-1.444E-2;1.951E-2
12.240;-2.348E-2;2.009E-2
12.280;-3.245E-2;2.083E-2
12.320;-4.056E-2;2.173E-2
12.360;-4.748E-2;2.275E-2
12.400;-5.279E-2;2.345E-2
12.440;-5.744E-2;2.424E-2
12.480;-6.082E-2;2.495E-2
12.520;-6.263E-2;2.540E-2
12.560;-6.353E-2;2.526E-2
12.600;-6.317E-2;2.520E-2
12.640;-6.116E-2;2.493E-2
12.680;-5.807E-2;2.429E-2
12.720;-5.303E-2;2.317E-2
12.760;-4.702E-2;2.259E-2
12.800;-3.973E-2;2.163E-2
12.840;-3.184E-2;2.063E-2
12.880;-2.324E-2;1.994E-2
12.920;-1.371E-2;2.005E-2
12.960;-4.031E-3;1.908E-2
13.000;5.585E-3;1.839E-2
13.040;1.464E-2;1.849E-2
13.080;2.357E-2;1.938E-2
13.120;3.150E-2;1.972E-2
13.160;3.949E-2;2.053E-2
13.200;4.552E-2;2.127E-2
13.240;5.115E-2;2.127E-2
13.280;5.512E-2;2.144E-2
13.320;5.809E-2;2.164E-2
13.360;5.960E-2;2.175E-2
13.400;5.994E-2;2.155E-2
13.440;5.901E-2;2.142E-2
13.480;5.681E-2;2.095E-2
13.520;5.281E-2;2.107E-2
13.560;4.704E-2;2.040E-2
13.600;3.954E-2;1.986E-2
13.640;3.210E-2;1.937E-2
13.680;2.318E-2;1.865E-2
13.720;1.448E-2;1.869E-2
13.760;5.293E-3;1.867E-2
13.800;-4.248E-3;1.887E-2
13.840;-1.285E-2;1.936E-2
13.880;-2.182E-2;2.009E-2
13.920;-3.010E-2;2.072E-2
13.960;-3.718E-2;2.171E-2
14.000;-4.428E-2;2.235E-2
14.040;-4.976E-2;2.328E-2
14.080;-5.411E-2;2.364E-2
14.120;-5.665E-2;2.387E-2
14.160;-5.851E-2;2.424E-2
14.200;-5.969E-2;2.412E-2
14.240;-5.939E-2;2.396E-2
14.280;-5.808E-2;2.387E-2
14.320;-5.475E-2;2.323E-2
14.360;-5.010E-2;2.310E-2
14.400;-4.447E-2;2.244E-2
14.440;-3.772E-2;2.191E-2
14.480;-3.056E-2;2.085E-2
14.520;-2.225E-2;1.984E-2
14.560;-1.341E-2;1.950E-2
14.600;-4.320E-3;1.880E-2
14.640;4.510E-3;1.858E-2
14.680;1.352E-2;1.790E-2
14.720;2.127E-2;1.858E-2
14.760;2.918E-2;1.965E-2
14.800;3.661E-2;2.000E-2
14.840;4.297E-2;2.070E-2
14.880;4.757E-2;2.088E-2
14.920;5.220E-2;2.085E-2
14.960;5.439E-2;2.070E-2
15.000;5.545E-2;2.091E-2
15.040;5.594E-2;2.094E-2
15.080;5.550E-2;2.058E-2
15.120;5.327E-2;2.044E-2
15.160;4.859E-2;2.049E-2
15.200;4.355E-2;1.982E-2
15.240;3.785E-2;1.945E-2
15.280;3.056E-2;1.871E-2
15.320;2.207E-2;1.847E-2
15.360;1.348E-2;1.855E-2
15.400;5.522E-3;1.822E-2
15.440;-3.074E-3;1.852E-2
15.480;-1.167E-2;1.929E-2
15.520;-2.058E-2;1.977E-2
15.560;-2.757E-2;1.977E-2
15.600;-3.491E-2;2.059E-2
15.640;-4.129E-2;2.180E-2
15.680;-4.654E-2;2.205E-2
15.720;-5.052E-2;2.261E-2
15.760;-5.338E-2;2.268E-2
15.800;-5.530E-2;2.312E-2
15.840;-5.578E-2;2.274E-2
15.880;-5.562E-2;2.290E-2
15.920;-5.409E-2;2.283E-2
15.960;-5.139E-2;2.267E-2
16.000;-4.699E-2;2.204E-2
16.040;-4.156E-2;2.168E-2
16.080;-3.478E-2;2.068E-2
16.120;-2.791E-2;2.034E-2
16.160;-2.020E-2;1.974E-2
16.200;-1.134E-2;1.935E-2
16.240;-3.871E-3;1.888E-2
16.280;4.948E-3;1.843E-2
16.320;1.295E-2;1.851E-2
16.360;2.028E-2;1.856E-2
16.400;2.781E-2;1.907E-2
16.440;3.466E-2;1.955E-2
16.480;3.999E-2;2.011E-2
16.520;4.457E-2;2.052E-2
16.560;4.850E-2;2.069E-2
16.600;5.102E-2;2.066E-2
16.640;5.240E-2;2.063E-2
16.680;5.255E-2;2.066E-2
16.720;5.199E-2;2.059E-2
16.760;5.012E-2;2.063E-2
16.800;4.701E-2;2.043E-2
16.840;4.044E-2;1.973E-2
16.880;3.453E-2;1.942E-2
16.920;2.731E-2;1.861E-2
16.960;1.989E-2;1.848E-2
17.000;1.213E-2;1.894E-2
17.040;3.967E-3;1.838E-2
17.080;-3.733E-3;1.864E-2
17.120;-1.178E-2;1.949E-2
17.160;-1.958E-2;1.958E-2
17.200;-2.671E-2;2.007E-2
17.240;-3.321E-2;2.094E-2
17.280;-3.880E-2;2.160E-2
17.320;-4.408E-2;2.197E-2
17.360;-4.749E-2;2.220E-2
17.400;-5.038E-2;2.290E-2
17.440;-5.173E-2;2.271E-2
17.480;-5.266E-2;2.281E-2
17.520;-5.224E-2;2.284E-2
17.560;-5.073E-2;2.247E-2
17.600;-4.841E-2;2.209E-2
17.640;-4.397E-2;2.168E-2
17.680;-3.910E-2;2.103E-2
17.720;-3.263E-2;2.096E-2
17.760;-2.584E-2;2.023E-2
17.800;-1.893E-2;1.975E-2
17.840;-1.084E-2;1.940E-2
17.880;-3.220E-3;1.866E-2
17.920;5.048E-3;1.865E-2
17.960;1.233E-2;1.867E-2
18.000;1.961E-2;1.858E-2
18.040;2.662E-2;1.904E-2
18.080;3.245E-2;1.934E-2
18.120;3.850E-2;2.012E-2
18.160;4.228E-2;2.050E-2
18.200;4.571E-2;2.069E-2
18.240;4.781E-2;2.088E-2
18.280;4.958E-2;2.079E-2
18.320;4.967E-2;2.065E-2
18.360;4.870E-2;2.042E-2
18.400;4.633E-2;2.052E-2
18.440;4.275E-2;2.060E-2
18.480;3.788E-2;1.973E-2
18.520;3.238E-2;1.958E-2
18.560;2.598E-2;1.949E-2
18.600;1.866E-2;1.918E-2
18.640;1.138E-2;1.865E-2
18.680;3.926E-3;1.861E-2
18.720;-2.824E-3;1.900E-2
18.760;-1.063E-2;1.931E-2
18.800;-1.801E-2;1.983E-2
18.840;-2.475E-2;2.004E-2
18.880;-3.135E-2;2.074E-2
18.920;-3.646E-2;2.108E-2
18.960;-4.132E-2;2.179E-2
19.000;-4.478E-2;2.176E-2
19.040;-4.748E-2;2.177E-2
19.080;-4.917E-2;2.200E-2
19.120;-4.981E-2;2.192E-2
19.160;-4.953E-2;2.185E-2
19.200;-4.797E-2;2.173E-2
19.240;-4.549E-2;2.180E-2
19.280;-4.144E-2;2.134E-2
19.320;-3.623E-2;2.093E-2
19.360;-3.106E-2;2.079E-2
19.400;-2.448E-2;1.973E-2
19.440;-1.779E-2;1.942E-2
19.480;-1.020E-2;1.930E-2
19.520;-2.587E-3;1.866E-2
19.560;4.307E-3;1.820E-2
19.600;1.148E-2;1.833E-2
19.640;1.782E-2;1.857E-2
19.680;2.429E-2;1.942E-2
19.720;3.014E-2;1.931E-2
19.760;3.369E-2;1.974E-2
19.800;3.845E-2;2.040E-2
19.840;4.149E-2;2.030E-2
19.880;4.337E-2;2.030E-2
19.920;4.471E-2;1.996E-2
19.960;4.496E-2;2.013E-2
20.000;4.454E-2;1.999E-2
20.040;4.239E-2;1.987E-2
20.080;3.902E-2;1.979E-2
20.120;3.456E-2;1.948E-2
20.160;2.997E-2;1.910E-2
20.200;2.358E-2;1.882E-2
20.240;1.720E-2;1.874E-2
20.280;1.040E-2;1.863E-2
20.320;3.335E-3;1.889E-2
20.360;-3.688E-3;1.904E-2
20.400;-9.698E-3;1.896E-2
20.440;-1.774E-2;1.948E-2
20.480;-2.347E-2;1.996E-2
20.520;-2.906E-2;2.073E-2
20.560;-3.465E-2;2.117E-2
20.600;-3.877E-2;2.129E-2
20.640;-4.211E-2;2.159E-2
20.680;-4.481E-2;2.209E-2
20.720;-4.615E-2;2.203E-2
20.760;-4.697E-2;2.190E-2
20.800;-4.662E-2;2.195E-2
20.840;-4.518E-2;2.199E-2
20.880;-4.280E-2;2.170E-2
20.920;-3.888E-2;2.095E-2
20.960;-3.438E-2;2.074E-2
21.000;-2.922E-2;2.046E-2
21.040;-2.296E-2;1.998E-2
21.080;-1.667E-2;1.967E-2
21.120;-9.990E-3;1.944E-2
21.160;-2.562E-3;1.871E-2
21.200;4.207E-3;1.825E-2
21.240;1.067E-2;1.838E-2
21.280;1.665E-2;1.905E-2
21.320;2.315E-2;1.906E-2
21.360;2.767E-2;1.925E-2
21.400;3.168E-2;1.917E-2
21.440;3.575E-2;2.004E-2
21.480;3.830E-2;2.028E-2
21.520;4.106E-2;2.023E-2
21.560;4.226E-2;2.005E-2
21.600;4.240E-2;2.000E-2
21.640;4.153E-2;1.996E-2
21.680;3.992E-2;1.996E-2
21.720;3.702E-2;1.960E-2
21.760;3.326E-2;1.960E-2
21.800;2.759E-2;1.912E-2
21.840;2.211E-2;1.878E-2
21.880;1.634E-2;1.880E-2
21.920;9.380E-3;1.882E-2
21.960;2.960E-3;1.893E-2
22.000;-2.700E-3;1.871E-2
22.040;-9.511E-3;1.931E-2
22.080;-1.568E-2;1.998E-2
22.120;-2.181E-2;2.000E-2
22.160;-2.745E-2;2.073E-2
22.200;-3.220E-2;2.087E-2
22.240;-3.600E-2;2.105E-2
22.280;-3.947E-2;2.163E-2
22.320;-4.187E-2;2.177E-2
22.360;-4.288E-2;2.187E-2
22.400;-4.363E-2;2.181E-2
22.440;-4.339E-2;2.168E-2
22.480;-4.200E-2;2.161E-2
22.520;-3.943E-2;2.169E-2
22.560;-3.591E-2;2.124E-2
22.600;-3.206E-2;2.090E-2
22.640;-2.667E-2;2.069E-2
22.680;-2.107E-2;2.005E-2
22.720;-1.504E-2;1.977E-2
22.760;-8.833E-3;1.915E-2
22.800;-2.419E-3;1.907E-2
22.840;4.015E-3;1.875E-2
22.880;9.850E-3;1.872E-2
22.920;1.564E-2;1.888E-2
22.960;2.122E-2;1.889E-2
23.000;2.554E-2;1.907E-2
23.040;2.978E-2;1.965E-2
23.080;3.357E-2;1.953E-2
23.120;3.636E-2;1.969E-2
23.160;3.795E-2;1.992E-2
23.200;3.909E-2;2.001E-2
23.240;3.892E-2;1.998E-2
23.280;3.816E-2;1.987E-2
23.320;3.645E-2;2.015E-2
23.360;3.387E-2;1.992E-2
23.400;3.007E-2;1.937E-2
23.440;2.490E-2;1.926E-2
23.480;1.951E-2;1.918E-2
23.520;1.369E-2;1.920E-2
23.560;8.108E-3;1.898E-2
23.600;2.149E-3;1.902E-2
23.640;-4.370E-3;1.892E-2
23.680;-1.046E-2;1.944E-2
23.720;-1.570E-2;1.986E-2
23.760;-2.111E-2;2.004E-2
23.800;-2.584E-2;2.062E-2
23.840;-3.038E-2;2.124E-2
23.880;-3.392E-2;2.138E-2
23.920;-3.706E-2;2.131E-2
23.960;-3.913E-2;2.157E-2
24.000;-4.030E-2;2.136E-2
24.040;-4.067E-2;2.154E-2
24.080;-4.034E-2;2.135E-2
24.120;-3.919E-2;2.128E-2
24.160;-3.675E-2;2.126E-2
24.200;-3.326E-2;2.116E-2
24.240;-2.892E-2;2.073E-2
24.280;-2.422E-2;2.015E-2
24.320;-1.915E-2;1.996E-2
24.360;-1.382E-2;1.993E-2
24.400;-7.549E-3;1.916E-2
24.440;-1.419E-3;1.893E-2
24.480;3.976E-3;1.873E-2
24.520;9.810E-3;1.855E-2
24.560;1.526E-2;1.857E-2
24.600;2.015E-2;1.913E-2
24.640;2.426E-2;1.926E-2
24.680;2.807E-2;1.958E-2
24.720;3.165E-2;1.972E-2
24.760;3.379E-2;1.964E-2
24.800;3.516E-2;1.951E-2
24.840;3.614E-2;1.962E-2
24.880;3.623E-2;1.959E-2
24.920;3.518E-2;1.953E-2
24.960;3.298E-2;1.951E-2
25.000;3.062E-2;1.946E-2
25.040;2.707E-2;1.939E-2
25.080;2.296E-2;1.935E-2
25.120;1.805E-2;1.872E-2
25.160;1.283E-2;1.860E-2
25.200;7.408E-3;1.853E-2
25.240;1.330E-3;1.873E-2
25.280;-4.299E-3;1.916E-2
25.320;-9.571E-3;1.951E-2
25.360;-1.501E-2;1.970E-2
25.400;-2.011E-2;1.975E-2
25.440;-2.450E-2;2.055E-2
25.480;-2.884E-2;2.080E-2
25.520;-3.234E-2;2.070E-2
25.560;-3.487E-2;2.110E-2
25.600;-3.689E-2;2.081E-2
25.640;-3.816E-2;2.083E-2
25.680;-3.836E-2;2.090E-2
25.720;-3.793E-2;2.062E-2
25.760;-3.682E-2;2.062E-2
25.800;-3.464E-2;2.073E-2
25.840;-3.139E-2;2.048E-2
25.880;-2.715E-2;2.055E-2
25.920;-2.327E-2;1.999E-2
25.960;-1.860E-2;1.972E-2
26.000;-1.310E-2;1.957E-2
26.040;-6.731E-3;1.883E-2
26.080;-1.783E-3;1.870E-2
26.120;3.922E-3;1.835E-2
26.160;9.211E-3;1.827E-2
26.200;1.402E-2;1.845E-2
26.240;1.858E-2;1.862E-2
26.280;2.300E-2;1.940E-2
26.320;2.634E-2;1.954E-2
26.360;2.951E-2;1.957E-2
26.400;3.152E-2;1.957E-2
26.440;3.335E-2;1.955E-2
26.480;3.430E-2;1.951E-2
26.520;3.423E-2;1.958E-2
26.560;3.330E-2;1.957E-2
26.600;3.149E-2;1.957E-2
26.640;2.881E-2;1.954E-2
26.680;2.587E-2;1.951E-2
26.720;2.134E-2;1.920E-2
26.760;1.703E-2;1.867E-2
26.800;1.155E-2;1.854E-2
26.840;6.890E-3;1.850E-2
26.880;2.087E-3;1.853E-2
26.920;-3.911E-3;1.936E-2
26.960;-9.150E-3;1.941E-2
27.000;-1.363E-2;1.978E-2
27.040;-1.830E-2;1.984E-2
27.080;-2.243E-2;2.033E-2
27.120;-2.674E-2;2.025E-2
27.160;-2.954E-2;2.071E-2
27.200;-3.167E-2;2.076E-2
27.240;-3.372E-2;2.083E-2
27.280;-3.492E-2;2.088E-2
27.320;-3.527E-2;2.065E-2
27.360;-3.498E-2;2.072E-2
27.400;-3.352E-2;2.066E-2
27.440;-3.142E-2;2.078E-2
27.480;-2.863E-2;2.032E-2
27.520;-2.521E-2;2.005E-2
27.560;-2.057E-2;1.998E-2
27.600;-1.660E-2;1.976E-2
27.640;-1.140E-2;1.950E-2
27.680;-6.576E-3;1.923E-2
27.720;-1.121E-3;1.868E-2
27.760;3.637E-3;1.851E-2
27.800;8.285E-3;1.870E-2
27.840;1.310E-2;1.846E-2
27.880;1.733E-2;1.839E-2
27.920;2.153E-2;1.857E-2
27.960;2.447E-2;1.864E-2
28.000;2.652E-2;1.857E-2
28.040;2.859E-2;1.869E-2
28.080;3.008E-2;1.860E-2
28.120;3.098E-2;1.851E-2
28.160;3.092E-2;1.850E-2
28.200;2.991E-2;1.840E-2
28.240;2.859E-2;1.851E-2
28.280;2.599E-2;1.842E-2
28.320;2.260E-2;1.855E-2
28.360;1.879E-2;1.853E-2
28.400;1.453E-2;1.826E-2
28.440;1.022E-2;1.756E-2
28.480;5.542E-3;1.830E-2
28.520;6.361E-4;1.857E-2
28.560;-3.795E-3;1.860E-2
28.600;-9.033E-3;1.867E-2
28.640;-1.316E-2;1.896E-2
28.680;-1.812E-2;1.924E-2
28.720;-2.139E-2;1.956E-2
28.760;-2.490E-2;1.978E-2
28.800;-2.791E-2;1.979E-2
28.840;-3.035E-2;1.983E-2
28.880;-3.159E-2;1.982E-2
28.920;-3.247E-2;1.976E-2
28.960;-3.265E-2;1.969E-2
29.000;-3.226E-2;1.968E-2
29.040;-3.056E-2;1.956E-2
29.080;-2.882E-2;1.956E-2
29.120;-2.606E-2;1.954E-2
29.160;-2.227E-2;1.913E-2
29.200;-1.887E-2;1.913E-2
29.240;-1.425E-2;1.881E-2
29.280;-9.844E-3;1.823E-2
29.320;-5.423E-3;1.843E-2
29.360;-7.535E-4;1.795E-2
29.400;4.031E-3;1.808E-2
29.440;8.374E-3;1.791E-2
29.480;1.257E-2;1.798E-2
29.520;1.643E-2;1.805E-2
29.560;1.976E-2;1.839E-2
29.600;2.268E-2;1.836E-2
29.640;2.533E-2;1.859E-2
29.680;2.692E-2;1.851E-2
29.720;2.795E-2;1.843E-2
29.760;2.857E-2;1.841E-2
29.800;2.826E-2;1.826E-2
29.840;2.717E-2;1.834E-2
29.880;2.560E-2;1.820E-2
29.920;2.264E-2;1.829E-2
29.960;1.949E-2;1.817E-2
30.000;1.594E-2;1.802E-2
30.040;1.164E-2;1.838E-2
30.080;7.424E-3;1.834E-2
30.120;3.120E-3;1.841E-2
30.160;-1.343E-3;1.838E-2
30.200;-5.665E-3;1.856E-2
30.240;-9.851E-3;1.936E-2
30.280;-1.416E-2;1.940E-2
30.320;-1.847E-2;1.955E-2
30.360;-2.161E-2;1.981E-2
30.400;-2.435E-2;2.021E-2
30.440;-2.657E-2;2.034E-2
30.480;-2.872E-2;2.021E-2
30.520;-2.963E-2;2.028E-2
30.560;-3.033E-2;2.015E-2
30.600;-3.009E-2;2.029E-2
30.640;-2.910E-2;2.013E-2
30.680;-2.750E-2;2.003E-2
30.720;-2.515E-2;2.005E-2
30.760;-2.210E-2;1.995E-2
30.800;-1.857E-2;2.000E-2
30.840;-1.404E-2;1.948E-2
30.880;-1.047E-2;1.898E-2
30.920;-6.016E-3;1.901E-2
30.960;-1.763E-3;1.882E-2
31.000;2.556E-3;1.880E-2