;mass A;;
t;x;y;
0.000;-3.323E-2;1.886E-2
0.040;-2.202E-2;1.772E-2
0.080;-9.757E-3;1.769E-2
0.120;2.487E-3;1.694E-2
0.160;1.463E-2;1.770E-2
0.200;2.677E-2;1.831E-2
0.240;3.794E-2;1.987E-2
0.280;4.776E-2;2.131E-2
0.320;5.680E-2;2.221E-2
0.360;6.381E-2;2.356E-2
0.400;6.962E-2;2.454E-2
0.440;7.401E-2;2.575E-2
0.480;7.633E-2;2.579E-2
0.520;7.751E-2;2.638E-2
0.560;7.704E-2;2.626E-2
0.600;7.473E-2;2.542E-2
0.640;7.021E-2;2.435E-2
0.680;6.376E-2;2.328E-2
0.720;5.582E-2;2.211E-2
0.760;4.698E-2;2.095E-2
0.800;3.657E-2;1.993E-2
0.840;2.598E-2;1.850E-2
0.880;1.446E-2;1.814E-2
0.920;2.537E-3;1.747E-2
0.960;-9.438E-3;1.763E-2
1.000;-2.078E-2;1.833E-2
1.040;-3.225E-2;1.900E-2
1.080;-4.216E-2;2.023E-2
1.120;-5.199E-2;2.129E-2
1.160;-5.988E-2;2.295E-2
1.200;-6.577E-2;2.399E-2
1.240;-7.105E-2;2.486E-2
1.280;-7.374E-2;2.520E-2
1.320;-7.556E-2;2.571E-2
1.360;-7.564E-2;2.569E-2
1.400;-7.444E-2;2.540E-2
1.440;-7.100E-2;2.498E-2
1.480;-6.562E-2;2.390E-2
1.520;-5.874E-2;2.271E-2
1.560;-5.017E-2;2.159E-2
1.600;-4.109E-2;2.037E-2
1.640;-3.075E-2;1.945E-2
1.680;-1.993E-2;1.827E-2
1.720;-8.542E-3;1.809E-2
1.760;2.568E-3;1.796E-2
1.800;1.422E-2;1.804E-2
1.840;2.489E-2;1.873E-2
1.880;3.551E-2;1.986E-2
1.920;4.474E-2;2.115E-2
1.960;5.269E-2;2.221E-2
2.000;5.984E-2;2.325E-2
2.040;6.518E-2;2.437E-2
2.080;6.931E-2;2.533E-2
2.120;7.145E-2;2.560E-2
2.160;7.217E-2;2.561E-2
2.200;7.165E-2;2.556E-2
2.240;6.920E-2;2.511E-2
2.280;6.486E-2;2.433E-2
2.320;5.898E-2;2.339E-2
2.360;5.160E-2;2.204E-2
2.400;4.341E-2;2.098E-2
2.440;3.386E-2;1.986E-2
2.480;2.371E-2;1.872E-2
2.520;1.292E-2;1.847E-2
2.560;1.913E-3;1.790E-2
2.600;-9.029E-3;1.792E-2
2.640;-2.010E-2;1.869E-2
2.680;-3.031E-2;1.941E-2
2.720;-3.999E-2;2.036E-2
2.760;-4.858E-2;2.160E-2
2.800;-5.577E-2;2.264E-2
2.840;-6.223E-2;2.382E-2
2.880;-6.661E-2;2.484E-2
2.920;-6.986E-2;2.527E-2
2.960;-7.108E-2;2.546E-2
3.000;-7.112E-2;2.554E-2
3.040;-6.979E-2;2.540E-2
3.080;-6.657E-2;2.462E-2
3.120;-6.117E-2;2.389E-2
3.160;-5.497E-2;2.239E-2
3.200;-4.741E-2;2.131E-2
3.240;-3.860E-2;2.016E-2
3.280;-2.892E-2;1.918E-2
3.320;-1.877E-2;1.882E-2
3.360;-8.272E-3;1.807E-2
3.400;2.900E-3;1.805E-2
3.440;1.328E-2;1.881E-2
3.480;2.331E-2;1.908E-2
3.520;3.295E-2;1.993E-2
3.560;4.162E-2;2.091E-2
3.600;4.965E-2;2.195E-2
3.640;5.608E-2;2.296E-2
3.680;6.083E-2;2.353E-2
3.720;6.475E-2;2.436E-2
3.760;6.654E-2;2.462E-2
3.800;6.736E-2;2.498E-2
3.840;6.675E-2;2.469E-2
3.880;6.457E-2;2.435E-2
3.920;6.044E-2;2.349E-2
3.960;5.493E-2;2.240E-2
4.000;4.816E-2;2.162E-2
4.040;4.025E-2;2.082E-2
4.080;3.130E-2;1.985E-2
4.120;2.160E-2;1.895E-2
4.160;1.209E-2;1.844E-2
4.200;1.573E-3;1.832E-2
4.240;-8.558E-3;1.808E-2
4.280;-1.873E-2;1.864E-2
4.320;-2.818E-2;1.950E-2
4.360;-3.728E-2;2.039E-2
4.400;-4.498E-2;2.137E-2
4.440;-5.215E-2;2.226E-2
4.480;-5.772E-2;2.343E-2
4.520;-6.217E-2;2.381E-2
4.560;-6.512E-2;2.452E-2
4.600;-6.644E-2;2.469E-2
4.640;-6.654E-2;2.456E-2
4.680;-6.542E-2;2.436E-2
4.720;-6.229E-2;2.403E-2
4.760;-5.756E-2;2.309E-2
4.800;-5.166E-2;2.209E-2
4.840;-4.455E-2;2.119E-2
4.880;-3.659E-2;2.011E-2
4.920;-2.759E-2;1.960E-2
4.960;-1.785E-2;1.841E-2
5.000;-8.025E-3;1.868E-2
5.040;2.370E-3;1.794E-2
5.080;1.222E-2;1.876E-2
5.120;2.141E-2;1.891E-2
5.160;3.062E-2;1.972E-2
5.200;3.906E-2;2.065E-2
5.240;4.593E-2;2.114E-2
5.280;5.220E-2;2.194E-2
5.320;5.675E-2;2.309E-2
5.360;6.030E-2;2.352E-2
5.400;6.233E-2;2.421E-2
5.440;6.298E-2;2.420E-2
5.480;6.250E-2;2.428E-2
5.520;6.034E-2;2.352E-2
5.560;5.651E-2;2.319E-2
5.600;5.139E-2;2.222E-2
5.640;4.489E-2;2.123E-2
5.680;3.758E-2;2.025E-2
5.720;2.924E-2;1.970E-2
5.760;2.023E-2;1.885E-2
5.800;1.074E-2;1.867E-2
5.840;1.140E-3;1.789E-2
5.880;-8.523E-3;1.875E-2
5.920;-1.771E-2;1.882E-2
5.960;-2.649E-2;1.935E-2
6.000;-3.475E-2;2.003E-2
6.040;-4.257E-2;2.090E-2
6.080;-4.901E-2;2.203E-2
6.120;-5.439E-2;2.271E-2
6.160;-5.843E-2;2.330E-2
6.200;-6.105E-2;2.368E-2
6.240;-6.211E-2;2.418E-2
6.280;-6.209E-2;2.423E-2
6.320;-6.104E-2;2.415E-2
6.360;-5.780E-2;2.336E-2
6.400;-5.321E-2;2.274E-2
6.440;-4.747E-2;2.167E-2
6.480;-4.098E-2;2.068E-2
6.520;-3.320E-2;2.001E-2
6.560;-2.455E-2;1.924E-2
6.600;-1.562E-2;1.838E-2
6.640;-6.328E-3;1.846E-2
6.680;3.169E-3;1.837E-2
6.720;1.231E-2;1.840E-2
6.760;2.114E-2;1.908E-2
6.800;2.939E-2;1.956E-2
6.840;3.698E-2;2.019E-2
6.880;4.359E-2;2.104E-2
6.920;4.923E-2;2.168E-2
6.960;5.355E-2;2.234E-2
7.000;5.687E-2;2.281E-2
7.040;5.814E-2;2.298E-2
7.080;5.853E-2;2.297E-2
7.120;5.809E-2;2.295E-2
7.160;5.585E-2;2.264E-2
7.200;5.192E-2;2.178E-2
7.240;4.701E-2;2.128E-2
7.280;4.123E-2;2.067E-2
7.320;3.379E-2;1.985E-2
7.360;2.579E-2;1.912E-2
7.400;1.751E-2;1.868E-2
7.440;8.811E-3;1.857E-2
7.480;-4.074E-4;1.808E-2
7.520;-9.529E-3;1.805E-2
7.560;-1.767E-2;1.856E-2
7.600;-2.641E-2;1.924E-2
7.640;-3.400E-2;1.967E-2
7.680;-4.064E-2;2.082E-2
7.720;-4.672E-2;2.168E-2
7.760;-5.152E-2;2.207E-2
7.800;-5.529E-2;2.274E-2
7.840;-5.752E-2;2.331E-2
7.880;-5.864E-2;2.317E-2
7.920;-5.856E-2;2.313E-2
7.960;-5.689E-2;2.308E-2
8.000;-5.415E-2;2.240E-2
8.040;-4.979E-2;2.179E-2
8.080;-4.436E-2;2.118E-2
8.120;-3.772E-2;2.016E-2
8.160;-3.035E-2;1.976E-2
8.200;-2.235E-2;1.894E-2
8.240;-1.411E-2;1.864E-2
8.280;-5.184E-3;1.792E-2
8.320;3.395E-3;1.798E-2
8.360;1.227E-2;1.863E-2
8.400;2.024E-2;1.889E-2
8.440;2.806E-2;1.966E-2
8.480;3.503E-2;2.005E-2
8.520;4.118E-2;2.079E-2
8.560;4.594E-2;2.152E-2
8.600;5.014E-2;2.196E-2
8.640;5.269E-2;2.234E-2
8.680;5.408E-2;2.255E-2
8.720;5.464E-2;2.260E-2
8.760;5.393E-2;2.245E-2
8.800;5.162E-2;2.210E-2
8.840;4.779E-2;2.164E-2
8.880;4.315E-2;2.114E-2
8.920;3.719E-2;2.037E-2
8.960;3.035E-2;1.973E-2
9.000;2.293E-2;1.909E-2
9.040;1.480E-2;1.851E-2
9.080;6.730E-3;1.823E-2
9.120;-1.724E-3;1.833E-2
9.160;-1.001E-2;1.825E-2
9.200;-1.787E-2;1.871E-2
9.240;-2.559E-2;1.921E-2
9.280;-3.237E-2;1.996E-2
9.320;-3.887E-2;2.077E-2
9.360;-4.429E-2;2.138E-2
9.400;-4.875E-2;2.188E-2
9.440;-5.200E-2;2.240E-2
9.480;-5.391E-2;2.266E-2
9.520;-5.459E-2;2.287E-2
9.560;-5.437E-2;2.268E-2
9.600;-5.266E-2;2.258E-2
9.640;-4.975E-2;2.211E-2
9.680;-4.558E-2;2.155E-2
9.720;-4.012E-2;2.093E-2
9.760;-3.414E-2;2.021E-2
9.800;-2.745E-2;1.933E-2
9.840;-1.974E-2;1.898E-2
9.880;-1.187E-2;1.826E-2
9.920;-3.902E-3;1.831E-2
9.960;4.538E-3;1.833E-2
10.000;1.246E-2;1.847E-2
10.040;1.997E-2;1.886E-2
10.080;2.725E-2;1.936E-2
10.120;3.348E-2;2.036E-2
10.160;3.916E-2;2.053E-2
10.200;4.376E-2;2.135E-2
10.240;4.715E-2;2.175E-2
10.280;4.934E-2;2.202E-2
10.320;5.041E-2;2.229E-2
10.360;5.079E-2;2.227E-2
10.400;5.011E-2;2.207E-2
10.440;4.761E-2;2.183E-2
10.480;4.383E-2;2.128E-2
10.520;3.905E-2;2.082E-2
10.560;3.373E-2;1.997E-2
10.600;2.731E-2;1.976E-2
10.640;2.025E-2;1.897E-2
10.680;1.269E-2;1.870E-2
10.720;5.360E-3;1.865E-2
10.760;-3.001E-3;1.853E-2
10.800;-1.051E-2;1.867E-2
10.840;-1.795E-2;1.884E-2
10.880;-2.510E-2;1.964E-2
10.920;-3.163E-2;2.002E-2
10.960;-3.747E-2;2.047E-2
11.000;-4.210E-2;2.114E-2
11.040;-4.639E-2;2.152E-2
11.080;-4.889E-2;2.195E-2
11.120;-5.082E-2;2.234E-2
11.160;-5.110E-2;2.249E-2
11.200;-5.107E-2;2.241E-2
11.240;-4.976E-2;2.209E-2
11.280;-4.655E-2;2.156E-2
11.320;-4.290E-2;2.106E-2
11.360;-3.774E-2;2.060E-2
11.400;-3.185E-2;1.993E-2
11.440;-2.541E-2;1.936E-2
11.480;-1.842E-2;1.918E-2
11.520;-1.093E-2;1.850E-2
11.560;-3.137E-3;1.823E-2
11.600;4.493E-3;1.843E-2
11.640;1.171E-2;1.846E-2
11.680;1.885E-2;1.902E-2
11.720;2.555E-2;1.947E-2
11.760;3.148E-2;1.988E-2
11.800;3.687E-2;2.034E-2
11.840;4.046E-2;2.102E-2
11.880;4.434E-2;2.127E-2
11.920;4.593E-2;2.188E-2
11.960;4.710E-2;2.178E-2
12.000;4.708E-2;2.165E-2
12.040;4.586E-2;2.166E-2
12.080;4.363E-2;2.133E-2
12.120;4.022E-2;2.088E-2
12.160;3.562E-2;2.029E-2
12.200;3.034E-2;1.960E-2
12.240;2.452E-2;1.924E-2
12.280;1.762E-2;1.890E-2
12.320;1.067E-2;1.870E-2
12.360;3.253E-3;1.825E-2
12.400;-4.094E-3;1.863E-2
12.440;-1.111E-2;1.870E-2
12.480;-1.787E-2;1.898E-2
12.520;-2.435E-2;1.933E-2
12.560;-3.081E-2;1.986E-2
12.600;-3.549E-2;2.025E-2
12.640;-3.999E-2;2.097E-2
12.680;-4.335E-2;2.119E-2
12.720;-4.572E-2;2.157E-2
12.760;-4.727E-2;2.192E-2
12.800;-4.756E-2;2.200E-2
12.840;-4.702E-2;2.197E-2
12.880;-4.550E-2;2.165E-2
12.920;-4.236E-2;2.120E-2
12.960;-3.855E-2;2.063E-2
13.000;-3.340E-2;2.011E-2
13.040;-2.778E-2;1.963E-2
13.080;-2.177E-2;1.915E-2
13.120;-1.490E-2;1.885E-2
13.160;-7.932E-3;1.847E-2
13.200;-9.564E-4;1.821E-2
13.240;6.034E-3;1.856E-2
13.280;1.304E-2;1.879E-2
13.320;1.955E-2;1.906E-2
13.360;2.561E-2;1.942E-2
13.400;3.078E-2;1.982E-2
13.440;3.571E-2;2.008E-2
13.480;3.917E-2;2.068E-2
13.520;4.182E-2;2.094E-2
13.560;4.360E-2;2.117E-2
13.600;4.429E-2;2.127E-2
13.640;4.416E-2;2.111E-2
13.680;4.322E-2;2.110E-2
13.720;4.057E-2;2.095E-2
13.760;3.736E-2;2.027E-2
13.800;3.307E-2;2.007E-2
13.840;2.778E-2;1.973E-2
13.880;2.215E-2;1.907E-2
13.920;1.569E-2;1.879E-2
13.960;9.143E-3;1.847E-2
14.000;2.368E-3;1.824E-2
14.040;-4.453E-3;1.874E-2
14.080;-1.113E-2;1.880E-2
14.120;-1.757E-2;1.896E-2
14.160;-2.326E-2;1.911E-2
14.200;-2.885E-2;1.960E-2
14.240;-3.332E-2;1.988E-2
14.280;-3.746E-2;2.055E-2
14.320;-4.087E-2;2.087E-2
14.360;-4.308E-2;2.124E-2
14.400;-4.422E-2;2.114E-2
14.440;-4.451E-2;2.130E-2
14.480;-4.420E-2;2.116E-2
14.520;-4.216E-2;2.101E-2
14.560;-3.982E-2;2.082E-2
14.600;-3.567E-2;2.030E-2
14.640;-3.109E-2;1.972E-2
14.680;-2.553E-2;1.945E-2
14.720;-1.991E-2;1.918E-2
14.760;-1.342E-2;1.860E-2
14.800;-6.841E-3;1.881E-2
14.840;-3.902E-4;1.841E-2
14.880;6.344E-3;1.865E-2
14.920;1.256E-2;1.874E-2
14.960;1.827E-2;1.897E-2
15.000;2.420E-2;1.961E-2
15.040;2.904E-2;1.972E-2
15.080;3.310E-2;2.010E-2
15.120;3.634E-2;2.026E-2
15.160;3.882E-2;2.081E-2
15.200;4.007E-2;2.084E-2
15.240;4.086E-2;2.104E-2
15.280;4.074E-2;2.100E-2
15.320;3.983E-2;2.098E-2
15.360;3.749E-2;2.073E-2
15.400;3.438E-2;2.026E-2
15.440;2.992E-2;1.998E-2
15.480;2.533E-2;1.959E-2
15.520;2.029E-2;1.937E-2
15.560;1.406E-2;1.899E-2
15.600;8.035E-3;1.852E-2
15.640;1.679E-3;1.829E-2
15.680;-4.670E-3;1.856E-2
15.720;-1.099E-2;1.878E-2
15.760;-1.684E-2;1.910E-2
15.800;-2.276E-2;1.915E-2
15.840;-2.731E-2;1.958E-2
15.880;-3.174E-2;1.983E-2
15.920;-3.521E-2;2.027E-2
15.960;-3.816E-2;2.054E-2
16.000;-4.011E-2;2.089E-2
16.040;-4.108E-2;2.121E-2
16.080;-4.144E-2;2.112E-2
16.120;-4.094E-2;2.111E-2
16.160;-3.923E-2;2.090E-2
16.200;-3.668E-2;2.041E-2
16.240;-3.306E-2;2.003E-2
16.280;-2.882E-2;1.975E-2
16.320;-2.382E-2;1.947E-2
16.360;-1.843E-2;1.902E-2
16.400;-1.232E-2;1.877E-2
16.440;-6.428E-3;1.857E-2
16.480;-1.235E-4;1.857E-2
16.520;5.777E-3;1.857E-2
16.560;1.172E-2;1.866E-2
16.600;1.752E-2;1.891E-2
16.640;2.250E-2;1.922E-2
16.680;2.705E-2;1.974E-2
16.720;3.051E-2;1.985E-2
16.760;3.401E-2;2.023E-2
16.800;3.595E-2;2.041E-2
16.840;3.736E-2;2.073E-2
16.880;3.800E-2;2.059E-2
16.920;3.777E-2;2.054E-2
16.960;3.669E-2;2.062E-2
17.000;3.472E-2;2.042E-2
17.040;3.135E-2;1.990E-2
17.080;2.777E-2;1.954E-2
17.120;2.316E-2;1.918E-2
17.160;1.796E-2;1.891E-2
17.200;1.247E-2;1.871E-2
17.240;6.640E-3;1.835E-2
17.280;6.232E-4;1.864E-2
17.320;-5.271E-3;1.873E-2
17.360;-1.095E-2;1.875E-2
17.400;-1.653E-2;1.901E-2
17.440;-2.116E-2;1.896E-2
17.480;-2.583E-2;1.967E-2
17.520;-2.988E-2;1.987E-2
17.560;-3.314E-2;2.020E-2
17.600;-3.563E-2;2.031E-2
17.640;-3.741E-2;2.062E-2
17.680;-3.817E-2;2.069E-2
17.720;-3.826E-2;2.067E-2
17.760;-3.765E-2;2.060E-2
17.800;-3.609E-2;2.049E-2
17.840;-3.299E-2;2.010E-2
17.880;-2.994E-2;1.970E-2
17.920;-2.592E-2;1.944E-2
17.960;-2.126E-2;1.909E-2
18.000;-1.604E-2;1.870E-2
18.040;-1.071E-2;1.875E-2
18.080;-5.045E-3;1.856E-2
18.120;6.293E-4;1.846E-2
18.160;6.392E-3;1.846E-2
18.200;1.167E-2;1.889E-2
18.240;1.708E-2;1.876E-2
18.280;2.142E-2;1.898E-2
18.320;2.571E-2;1.941E-2
18.360;2.908E-2;1.978E-2
18.400;3.167E-2;1.997E-2
18.440;3.360E-2;1.994E-2
18.480;3.474E-2;2.010E-2
18.520;3.511E-2;2.004E-2
18.560;3.485E-2;2.002E-2
18.600;3.355E-2;2.013E-2
18.640;3.143E-2;1.991E-2
18.680;2.828E-2;1.974E-2
18.720;2.439E-2;1.910E-2
18.760;2.009E-2;1.893E-2
18.800;1.559E-2;1.881E-2
18.840;1.044E-2;1.861E-2
18.880;4.877E-3;1.836E-2
18.920;-5.316E-4;1.827E-2
18.960;-5.978E-3;1.856E-2
19.000;-1.117E-2;1.864E-2
19.040;-1.627E-2;1.899E-2
19.080;-2.088E-2;1.895E-2
19.120;-2.517E-2;1.957E-2
19.160;-2.877E-2;1.973E-2
19.200;-3.124E-2;1.995E-2
19.240;-3.331E-2;2.000E-2
19.280;-3.452E-2;2.006E-2
19.320;-3.544E-2;2.015E-2
19.360;-3.545E-2;2.014E-2
19.400;-3.462E-2;2.003E-2
19.440;-3.308E-2;1.995E-2
19.480;-3.073E-2;1.987E-2
19.520;-2.692E-2;1.961E-2
19.560;-2.319E-2;1.910E-2
19.600;-1.872E-2;1.888E-2
19.640;-1.410E-2;1.862E-2
19.680;-8.738E-3;1.852E-2
19.720;-3.637E-3;1.858E-2
19.760;1.333E-3;1.845E-2
19.800;6.600E-3;1.828E-2
19.840;1.135E-2;1.841E-2
19.880;1.600E-2;1.856E-2
19.920;2.025E-2;1.896E-2
19.960;2.375E-2;1.918E-2
20.000;2.688E-2;1.936E-2
20.040;2.917E-2;1.964E-2
20.080;3.072E-2;1.969E-2
20.120;3.159E-2;1.969E-2
20.160;3.212E-2;1.968E-2
20.200;3.155E-2;1.958E-2
20.240;3.041E-2;1.962E-2
20.280;2.799E-2;1.941E-2
20.320;2.511E-2;1.913E-2
20.360;2.145E-2;1.884E-2
20.400;1.746E-2;1.866E-2
20.440;1.297E-2;1.865E-2
20.480;8.183E-3;1.809E-2
20.520;3.285E-3;1.815E-2
20.560;-1.851E-3;1.813E-2
20.600;-6.694E-3;1.843E-2
20.640;-1.146E-2;1.853E-2
20.680;-1.606E-2;1.869E-2
20.720;-2.012E-2;1.883E-2
20.760;-2.413E-2;1.939E-2
20.800;-2.668E-2;1.945E-2
20.840;-2.926E-2;1.963E-2
20.880;-3.122E-2;1.977E-2
20.920;-3.235E-2;1.993E-2
20.960;-3.277E-2;1.997E-2
21.000;-3.281E-2;1.997E-2
21.040;-3.191E-2;1.992E-2
21.080;-3.015E-2;1.978E-2
21.120;-2.754E-2;1.985E-2
21.160;-2.432E-2;1.930E-2
21.200;-2.078E-2;1.909E-2
21.240;-1.653E-2;1.873E-2
21.280;-1.210E-2;1.863E-2
21.320;-7.511E-3;1.867E-2
21.360;-2.706E-3;1.869E-2
21.400;2.247E-3;1.877E-2
21.440;7.016E-3;1.883E-2
21.480;1.134E-2;1.892E-2
21.520;1.554E-2;1.898E-2
21.560;1.914E-2;1.896E-2
21.600;2.252E-2;1.915E-2
21.640;2.503E-2;1.951E-2
21.680;2.738E-2;1.971E-2
21.720;2.853E-2;1.980E-2
21.760;2.925E-2;1.993E-2
21.800;2.928E-2;1.991E-2
21.840;2.884E-2;1.994E-2
21.880;2.729E-2;1.991E-2
21.920;2.518E-2;1.977E-2
21.960;2.200E-2;1.947E-2
22.000;1.861E-2;1.916E-2
22.040;1.471E-2;1.925E-2
22.080;1.030E-2;1.888E-2
22.120;5.800E-3;1.886E-2
22.160;1.164E-3;1.867E-2
22.200;-3.424E-3;1.874E-2
22.240;-7.710E-3;1.879E-2
22.280;-1.229E-2;1.887E-2
22.320;-1.634E-2;1.893E-2
22.360;-1.981E-2;1.913E-2
22.400;-2.311E-2;1.951E-2
22.440;-2.565E-2;1.959E-2
22.480;-2.779E-2;1.974E-2
22.520;-2.896E-2;1.990E-2
22.560;-2.979E-2;2.003E-2
22.600;-2.995E-2;2.003E-2
22.640;-2.972E-2;2.002E-2
22.680;-2.877E-2;1.994E-2
22.720;-2.675E-2;1.978E-2
22.760;-2.434E-2;1.961E-2
22.800;-2.136E-2;1.917E-2
22.840;-1.760E-2;1.896E-2
22.880;-1.343E-2;1.892E-2
22.920;-9.670E-3;1.873E-2
22.960;-5.239E-3;1.859E-2
23.000;-8.534E-4;1.867E-2
23.040;3.489E-3;1.877E-2
23.080;7.931E-3;1.890E-2
23.120;1.213E-2;1.889E-2
23.160;1.584E-2;1.898E-2
23.200;1.898E-2;1.912E-2
23.240;2.150E-2;1.903E-2
23.280;2.406E-2;1.930E-2
23.320;2.563E-2;1.964E-2
23.360;2.670E-2;1.951E-2
23.400;2.708E-2;1.954E-2
23.440;2.689E-2;1.942E-2
23.480;2.646E-2;1.946E-2
23.520;2.484E-2;1.948E-2
23.560;2.263E-2;1.944E-2
23.600;2.013E-2;1.926E-2
23.640;1.675E-2;1.907E-2
23.680;1.335E-2;1.871E-2
23.720;9.230E-3;1.859E-2
23.760;4.882E-3;1.874E-2
23.800;3.330E-4;1.869E-2
23.840;-3.770E-3;1.856E-2
23.880;-7.776E-3;1.851E-2
23.920;-1.174E-2;1.882E-2
23.960;-1.542E-2;1.892E-2
24.000;-1.858E-2;1.908E-2
24.040;-2.163E-2;1.918E-2
24.080;-2.397E-2;1.932E-2
24.120;-2.548E-2;1.953E-2
24.160;-2.697E-2;1.955E-2
24.200;-2.768E-2;1.964E-2
24.240;-2.766E-2;1.948E-2
24.280;-2.693E-2;1.951E-2
24.320;-2.547E-2;1.944E-2
24.360;-2.332E-2;1.929E-2
24.400;-2.077E-2;1.916E-2
24.440;-1.741E-2;1.885E-2
24.480;-1.413E-2;1.888E-2
24.520;-1.004E-2;1.876E-2
24.560;-6.244E-3;1.848E-2
24.600;-2.107E-3;1.837E-2
24.640;2.236E-3;1.863E-2
24.680;6.086E-3;1.869E-2
24.720;9.995E-3;1.884E-2
24.760;1.346E-2;1.894E-2
24.800;1.629E-2;1.891E-2
24.840;1.902E-2;1.913E-2
24.880;2.123E-2;1.904E-2
24.920;2.325E-2;1.928E-2
24.960;2.419E-2;1.937E-2
25.000;2.476E-2;1.958E-2
25.040;2.470E-2;1.956E-2
25.080;2.440E-2;1.951E-2
25.120;2.342E-2;1.945E-2
25.160;2.134E-2;1.928E-2
25.200;1.911E-2;1.918E-2
25.240;1.641E-2;1.884E-2
25.280;1.310E-2;1.882E-2
25.320;9.481E-3;1.878E-2
25.360;5.802E-3;1.832E-2
25.400;1.799E-3;1.853E-2
25.440;-1.984E-3;1.861E-2
25.480;-5.990E-3;1.864E-2
25.520;-9.537E-3;1.887E-2
25.560;-1.305E-2;1.895E-2
25.600;-1.637E-2;1.895E-2
25.640;-1.883E-2;1.900E-2
25.680;-2.098E-2;1.897E-2
25.720;-2.305E-2;1.912E-2
25.760;-2.426E-2;1.913E-2
25.800;-2.528E-2;1.912E-2
25.840;-2.543E-2;1.906E-2
25.880;-2.533E-2;1.900E-2
25.920;-2.449E-2;1.896E-2
25.960;-2.329E-2;1.886E-2
26.000;-2.113E-2;1.876E-2
26.040;-1.875E-2;1.865E-2
26.080;-1.557E-2;1.863E-2
26.120;-1.224E-2;1.869E-2
26.160;-8.848E-3;1.865E-2
26.200;-5.221E-3;1.867E-2
26.240;-1.493E-3;1.866E-2
26.280;2.317E-3;1.874E-2
26.320;5.858E-3;1.886E-2
26.360;9.112E-3;1.892E-2
26.400;1.240E-2;1.882E-2
26.440;1.519E-2;1.885E-2
26.480;1.737E-2;1.897E-2
26.520;1.934E-2;1.903E-2
26.560;2.097E-2;1.926E-2
26.600;2.176E-2;1.939E-2
26.640;2.249E-2;1.928E-2
26.680;2.248E-2;1.934E-2
26.720;2.224E-2;1.930E-2
26.760;2.141E-2;1.920E-2
26.800;1.946E-2;1.931E-2
26.840;1.774E-2;1.920E-2
26.880;1.495E-2;1.893E-2
26.920;1.239E-2;1.894E-2
26.960;9.192E-3;1.881E-2
27.000;5.523E-3;1.880E-2
27.040;2.224E-3;1.865E-2
27.080;-1.561E-3;1.865E-2
27.120;-5.231E-3;1.893E-2
27.160;-8.632E-3;1.893E-2
27.200;-1.167E-2;1.887E-2
27.240;-1.464E-2;1.901E-2
27.280;-1.727E-2;1.888E-2
27.320;-1.928E-2;1.893E-2
27.360;-2.080E-2;1.911E-2
27.400;-2.216E-2;1.901E-2
27.440;-2.302E-2;1.903E-2
27.480;-2.332E-2;1.906E-2
27.520;-2.318E-2;1.898E-2
27.560;-2.248E-2;1.893E-2
27.600;-2.154E-2;1.892E-2
27.640;-1.949E-2;1.883E-2
27.680;-1.730E-2;1.871E-2
27.720;-1.463E-2;1.870E-2
27.760;-1.174E-2;1.846E-2
27.800;-8.462E-3;1.864E-2
27.840;-4.962E-3;1.877E-2
27.880;-1.595E-3;1.869E-2
27.920;1.804E-3;1.865E-2
27.960;5.054E-3;1.880E-2
28.000;8.239E-3;1.881E-2
28.040;1.104E-2;1.887E-2
28.080;1.382E-2;1.894E-2
28.120;1.607E-2;1.894E-2
28.160;1.745E-2;1.898E-2
28.200;1.863E-2;1.897E-2
28.240;1.960E-2;1.899E-2
28.280;2.049E-2;1.896E-2
28.320;2.066E-2;1.895E-2
28.360;2.040E-2;1.896E-2
28.400;1.954E-2;1.889E-2
28.440;1.842E-2;1.882E-2
28.480;1.681E-2;1.876E-2
28.520;1.465E-2;1.881E-2
28.560;1.221E-2;1.875E-2
28.600;9.216E-3;1.867E-2
28.640;6.273E-3;1.867E-2
28.680;2.850E-3;1.868E-2
28.720;-3.607E-4;1.869E-2
28.760;-3.591E-3;1.877E-2
28.800;-6.910E-3;1.884E-2
28.840;-9.919E-3;1.889E-2
28.880;-1.248E-2;1.881E-2
28.920;-1.509E-2;1.883E-2
28.960;-1.690E-2;1.903E-2
29.000;-1.844E-2;1.892E-2
29.040;-1.997E-2;1.892E-2
29.080;-2.079E-2;1.902E-2
29.120;-2.126E-2;1.895E-2
29.160;-2.128E-2;1.897E-2
29.200;-2.094E-2;1.893E-2
29.240;-1.993E-2;1.891E-2
29.280;-1.864E-2;1.881E-2
29.320;-1.674E-2;1.877E-2
29.360;-1.431E-2;1.876E-2
29.400;-1.197E-2;1.867E-2
29.440;-8.966E-3;1.873E-2
29.480;-5.952E-3;1.866E-2
29.520;-2.949E-3;1.873E-2
29.560;2.324E-4;1.879E-2
29.600;3.046E-3;1.869E-2
29.640;6.020E-3;1.883E-2
29.680;8.943E-3;1.880E-2
29.720;1.123E-2;1.886E-2
29.760;1.331E-2;1.894E-2
29.800;1.485E-2;1.884E-2
29.840;1.610E-2;1.893E-2
29.880;1.676E-2;1.895E-2
29.920;1.705E-2;1.891E-2
29.960;1.713E-2;1.888E-2
30.000;1.725E-2;1.888E-2
30.040;1.715E-2;1.893E-2
30.080;1.681E-2;1.895E-2
30.120;1.583E-2;1.886E-2
30.160;1.430E-2;1.873E-2
30.200;1.218E-2;1.879E-2
30.240;9.615E-3;1.875E-2
30.280;7.059E-3;1.867E-2
30.320;4.024E-3;1.867E-2
30.360;1.151E-3;1.875E-2
30.400;-1.803E-3;1.878E-2
30.440;-4.638E-3;1.881E-2
30.480;-7.462E-3;1.891E-2
30.520;-1.013E-2;1.875E-2
30.560;-1.234E-2;1.893E-2
30.600;-1.431E-2;1.900E-2
30.640;-1.639E-2;1.896E-2
30.680;-1.768E-2;1.895E-2
30.720;-1.868E-2;1.894E-2
30.760;-1.937E-2;1.894E-2
30.800;-1.959E-2;1.891E-2
30.840;-1.944E-2;1.894E-2
30.880;-1.890E-2;1.885E-2
30.920;-1.780E-2;1.873E-2
30.960;-1.633E-2;1.876E-2
31.000;-1.449E-2;1.873E-2
31.040;-1.218E-2;1.872E-2
31.080;-9.825E-3;1.868E-2
31.120;-7.415E-3;1.878E-2
31.160;-4.344E-3;1.869E-2
31.200;-1.832E-3;1.880E-2
31.240;1.055E-3;1.875E-2
31.280;3.650E-3;1.873E-2
31.320;6.143E-3;1.887E-2
31.360;8.872E-3;1.895E-2
31.400;1.108E-2;1.891E-2
31.440;1.260E-2;1.889E-2
31.480;1.430E-2;1.895E-2
31.520;1.524E-2;1.892E-2
31.560;1.547E-2;1.890E-2
31.600;1.530E-2;1.888E-2
31.640;1.418E-2;1.881E-2
31.680;1.242E-2;1.878E-2
31.720;1.024E-2;1.869E-2
31.760;8.003E-3;1.871E-2
31.800;5.566E-3;1.866E-2
31.840;2.753E-3;1.875E-2
31.880;1.813E-4;1.872E-2
31.920;-2.451E-3;1.876E-2
31.960;-5.260E-3;1.876E-2
32.000;-7.834E-3;1.869E-2
32.040;-1.016E-2;1.885E-2
32.080;-1.232E-2;1.883E-2
32.120;-1.409E-2;1.891E-2
32.160;-1.553E-2;1.896E-2
32.200;-1.676E-2;1.895E-2
32.240;-1.748E-2;1.897E-2
32.280;-1.789E-2;1.888E-2
32.320;-1.804E-2;1.889E-2
32.360;-1.780E-2;1.887E-2
32.400;-1.707E-2;1.882E-2
32.440;-1.587E-2;1.888E-2
32.480;-1.438E-2;1.888E-2
32.520;-1.278E-2;1.882E-2
32.560;-1.042E-2;1.873E-2
32.600;-7.882E-3;1.868E-2
32.640;-5.374E-3;1.872E-2
32.680;-2.880E-3;1.878E-2
32.720;-2.841E-4;1.867E-2
32.760;2.610E-3;1.885E-2
32.800;5.002E-3;1.887E-2
32.840;7.317E-3;1.885E-2
32.880;9.233E-3;1.887E-2
32.920;1.111E-2;1.895E-2
32.960;1.260E-2;1.884E-2
33.000;1.388E-2;1.891E-2
33.040;1.471E-2;1.886E-2
33.080;1.469E-2;1.886E-2
33.120;1.424E-2;1.883E-2
33.160;1.272E-2;1.891E-2
33.200;1.117E-2;1.884E-2
33.240;9.294E-3;1.875E-2
33.280;7.053E-3;1.871E-2
33.320;4.544E-3;1.869E-2
33.360;2.234E-3;1.870E-2
33.400;-5.864E-4;1.867E-2
33.440;-3.053E-3;1.877E-2
33.480;-5.535E-3;1.880E-2
33.520;-7.800E-3;1.877E-2
33.560;-9.978E-3;1.876E-2
33.600;-1.196E-2;1.886E-2
33.640;-1.387E-2;1.892E-2
33.680;-1.513E-2;1.888E-2
33.720;-1.603E-2;1.895E-2
33.760;-1.658E-2;1.889E-2
33.800;-1.712E-2;1.886E-2
33.840;-1.712E-2;1.883E-2
33.880;-1.664E-2;1.882E-2
33.920;-1.578E-2;1.888E-2
33.960;-1.464E-2;1.884E-2
34.000;-1.292E-2;1.886E-2
34.040;-1.113E-2;1.862E-2
34.080;-9.173E-3;1.868E-2
34.120;-6.670E-3;1.870E-2
34.160;-4.251E-3;1.873E-2
34.200;-1.940E-3;1.878E-2
34.240;5.022E-4;1.869E-2
34.280;3.159E-3;1.873E-2
34.320;5.205E-3;1.888E-2
34.360;7.421E-3;1.873E-2
34.400;9.327E-3;1.886E-2
34.440;1.063E-2;1.890E-2
34.480;1.197E-2;1.898E-2
34.520;1.311E-2;1.887E-2
34.560;1.387E-2;1.893E-2
34.600;1.413E-2;1.889E-2
34.640;1.390E-2;1.891E-2
34.680;1.304E-2;1.885E-2
34.720;1.189E-2;1.888E-2
34.760;1.052E-2;1.882E-2
34.800;8.527E-3;1.874E-2
34.840;6.355E-3;1.870E-2
34.880;4.172E-3;1.855E-2
34.920;1.780E-3;1.859E-2
34.960;-6.241E-4;1.859E-2
35.000;-2.940E-3;1.877E-2
35.040;-5.108E-3;1.870E-2
35.080;-7.615E-3;1.876E-2
35.120;-9.594E-3;1.886E-2
35.160;-1.139E-2;1.886E-2
35.200;-1.305E-2;1.898E-2
35.240;-1.426E-2;1.901E-2
35.280;-1.525E-2;1.894E-2
35.320;-1.586E-2;1.896E-2
35.360;-1.627E-2;1.892E-2
35.400;-1.650E-2;1.886E-2
35.440;-1.639E-2;1.891E-2
35.480;-1.562E-2;1.877E-2
35.520;-1.451E-2;1.883E-2
35.560;-1.320E-2;1.881E-2
35.600;-1.181E-2;1.876E-2
35.640;-9.823E-3;1.866E-2
35.680;-7.631E-3;1.864E-2
35.720;-5.329E-3;1.882E-2
35.760;-3.211E-3;1.871E-2
35.800;-8.719E-4;1.869E-2
35.840;1.430E-3;1.872E-2
35.880;3.619E-3;1.884E-2
35.920;5.716E-3;1.876E-2
35.960;7.727E-3;1.889E-2
36.000;9.271E-3;1.882E-2
36.040;1.046E-2;1.891E-2
36.080;1.171E-2;1.896E-2
36.120;1.260E-2;1.884E-2
36.160;1.332E-2;1.889E-2
36.200;1.367E-2;1.883E-2
36.240;1.367E-2;1.885E-2
36.280;1.339E-2;1.886E-2
36.320;1.252E-2;1.886E-2
36.360;1.149E-2;1.883E-2
36.400;1.027E-2;1.884E-2
36.440;8.780E-3;1.890E-2
36.480;6.690E-3;1.879E-2
36.520;4.694E-3;1.883E-2
36.560;2.473E-3;1.873E-2
36.600;2.663E-4;1.867E-2
36.640;-2.041E-3;1.876E-2
36.680;-4.250E-3;1.879E-2
36.720;-6.509E-3;1.881E-2
36.760;-8.589E-3;1.882E-2
36.800;-9.973E-3;1.883E-2
36.840;-1.183E-2;1.897E-2
36.880;-1.316E-2;1.880E-2
36.920;-1.428E-2;1.894E-2
36.960;-1.515E-2;1.894E-2
37.000;-1.547E-2;1.887E-2
37.040;-1.557E-2;1.884E-2
37.080;-1.551E-2;1.881E-2
37.120;-1.521E-2;1.881E-2
37.160;-1.429E-2;1.882E-2
37.200;-1.318E-2;1.878E-2
37.240;-1.175E-2;1.872E-2
37.280;-1.000E-2;1.875E-2
37.320;-8.102E-3;1.867E-2
37.360;-6.121E-3;1.871E-2
37.400;-3.922E-3;1.885E-2
37.440;-1.459E-3;1.869E-2
37.480;6.346E-4;1.884E-2
37.520;2.724E-3;1.891E-2
37.560;4.711E-3;1.874E-2
37.600;6.659E-3;1.883E-2
37.640;8.180E-3;1.877E-2
37.680;9.670E-3;1.878E-2
37.720;1.076E-2;1.890E-2
37.760;1.158E-2;1.895E-2
37.800;1.237E-2;1.892E-2
37.840;1.276E-2;1.888E-2
37.880;1.283E-2;1.889E-2
37.920;1.265E-2;1.882E-2
37.960;1.207E-2;1.881E-2
38.000;1.121E-2;1.884E-2
38.040;9.989E-3;1.887E-2
38.080;8.509E-3;1.875E-2
38.120;6.947E-3;1.874E-2
38.160;4.732E-3;1.870E-2
38.200;2.669E-3;1.872E-2
38.240;6.632E-4;1.873E-2
38.280;-1.438E-3;1.869E-2
38.320;-3.567E-3;1.874E-2
38.360;-5.705E-3;1.874E-2
38.400;-7.429E-3;1.878E-2
38.440;-9.426E-3;1.874E-2
38.480;-1.078E-2;1.889E-2
38.520;-1.208E-2;1.882E-2
38.560;-1.314E-2;1.885E-2
38.600;-1.407E-2;1.884E-2
38.640;-1.445E-2;1.887E-2
38.680;-1.475E-2;1.893E-2
38.720;-1.474E-2;1.881E-2
38.760;-1.444E-2;1.880E-2
38.800;-1.398E-2;1.883E-2
38.840;-1.286E-2;1.889E-2
38.880;-1.166E-2;1.875E-2
38.920;-1.018E-2;1.884E-2
38.960;-8.336E-3;1.877E-2
39.000;-6.402E-3;1.871E-2
39.040;-4.522E-3;1.882E-2
39.080;-2.223E-3;1.871E-2
39.120;-4.061E-4;1.880E-2
39.160;1.746E-3;1.882E-2
39.200;3.752E-3;1.881E-2
39.240;5.604E-3;1.880E-2
39.280;7.148E-3;1.888E-2
39.320;8.407E-3;1.881E-2
39.360;9.713E-3;1.880E-2
39.400;1.062E-2;1.886E-2
39.440;1.147E-2;1.885E-2
39.480;1.185E-2;1.886E-2
39.520;1.185E-2;1.887E-2
39.560;1.173E-2;1.888E-2
39.600;1.146E-2;1.883E-2
39.640;1.053E-2;1.885E-2
39.680;9.374E-3;1.882E-2
39.720;8.091E-3;1.872E-2
39.760;6.311E-3;1.864E-2
39.800;4.512E-3;1.874E-2
39.840;2.742E-3;1.869E-2
39.880;5.515E-4;1.874E-2
39.920;-1.386E-3;1.862E-2
39.960;-3.399E-3;1.874E-2
40.000;-5.190E-3;1.882E-2
40.040;-7.057E-3;1.872E-2
40.080;-8.678E-3;1.871E-2
40.120;-1.010E-2;1.874E-2
40.160;-1.125E-2;1.872E-2
40.200;-1.218E-2;1.885E-2
40.240;-1.305E-2;1.903E-2
40.280;-1.336E-2;1.894E-2
40.320;-1.347E-2;1.875E-2
40.360;-1.339E-2;1.885E-2
40.400;-1.320E-2;1.891E-2
40.440;-1.261E-2;1.880E-2
40.480;-1.186E-2;1.888E-2
40.520;-1.065E-2;1.875E-2
40.560;-8.987E-3;1.869E-2
40.600;-7.568E-3;1.880E-2
40.640;-5.510E-3;1.871E-2
40.680;-3.488E-3;1.862E-2
40.720;-1.791E-3;1.885E-2
40.760;1.796E-4;1.876E-2
40.800;2.133E-3;1.890E-2
40.840;3.722E-3;1.886E-2
40.880;5.490E-3;1.882E-2
40.920;6.963E-3;1.879E-2
40.960;8.204E-3;1.878E-2
41.000;9.161E-3;1.885E-2
41.040;1.013E-2;1.890E-2
41.080;1.068E-2;1.893E-2
41.120;1.112E-2;1.886E-2
41.160;1.127E-2;1.891E-2
41.200;1.130E-2;1.887E-2
41.240;1.106E-2;1.888E-2
41.280;1.028E-2;1.882E-2
41.320;9.231E-3;1.881E-2
41.360;8.075E-3;1.885E-2
41.400;6.739E-3;1.876E-2
41.440;4.944E-3;1.866E-2
41.480;3.390E-3;1.870E-2
41.520;1.448E-3;1.865E-2
41.560;-6.163E-4;1.878E-2
41.600;-2.315E-3;1.871E-2
41.640;-4.199E-3;1.880E-2
41.680;-6.248E-3;1.881E-2
41.720;-7.650E-3;1.882E-2
41.760;-8.935E-3;1.875E-2
41.800;-1.013E-2;1.873E-2
41.840;-1.100E-2;1.885E-2
41.880;-1.194E-2;1.892E-2
41.920;-1.230E-2;1.886E-2
41.960;-1.271E-2;1.884E-2
42.000;-1.280E-2;1.880E-2
42.040;-1.260E-2;1.882E-2
42.080;-1.209E-2;1.885E-2
42.120;-1.129E-2;1.879E-2
42.160;-1.039E-2;1.874E-2
42.200;-9.123E-3;1.875E-2
42.240;-7.622E-3;1.880E-2
42.280;-5.964E-3;1.877E-2
42.320;-4.190E-3;1.875E-2
42.360;-2.388E-3;1.864E-2
42.400;-6.539E-4;1.876E-2
42.440;1.161E-3;1.884E-2
42.480;2.993E-3;1.888E-2
42.520;4.479E-3;1.890E-2
42.560;5.955E-3;1.876E-2
42.600;7.166E-3;1.885E-2
42.640;8.212E-3;1.877E-2
42.680;9.133E-3;1.883E-2
42.720;9.790E-3;1.883E-2
42.760;1.011E-2;1.882E-2
42.800;1.025E-2;1.883E-2
42.840;1.015E-2;1.884E-2
42.880;9.784E-3;1.879E-2
42.920;9.059E-3;1.882E-2
42.960;8.096E-3;1.876E-2
43.000;6.797E-3;1.882E-2
43.040;5.416E-3;1.875E-2
43.080;3.635E-3;1.867E-2
43.120;2.179E-3;1.878E-2
43.160;3.077E-4;1.877E-2
43.200;-1.187E-3;1.876E-2
43.240;-3.039E-3;1.882E-2
43.280;-4.627E-3;1.867E-2
43.320;-6.499E-3;1.871E-2
43.360;-7.995E-3;1.887E-2
43.400;-9.170E-3;1.883E-2
43.440;-1.022E-2;1.891E-2
43.480;-1.119E-2;1.882E-2
43.520;-1.168E-2;1.878E-2
43.560;-1.200E-2;1.887E-2
43.600;-1.217E-2;1.876E-2
43.640;-1.209E-2;1.882E-2
43.680;-1.195E-2;1.885E-2
43.720;-1.146E-2;1.884E-2
43.760;-1.056E-2;1.882E-2
43.800;-9.471E-3;1.878E-2
43.840;-8.023E-3;1.881E-2
43.880;-6.517E-3;1.869E-2
43.920;-4.932E-3;1.880E-2
43.960;-3.278E-3;1.869E-2
44.000;-1.627E-3;1.875E-2
44.040;1.825E-4;1.875E-2
44.080;1.725E-3;1.878E-2
44.120;3.446E-3;1.882E-2
44.160;4.642E-3;1.882E-2
44.200;5.859E-3;1.887E-2
44.240;7.018E-3;1.878E-2
44.280;7.889E-3;1.894E-2
44.320;8.630E-3;1.893E-2
44.360;9.087E-3;1.890E-2
44.400;9.229E-3;1.880E-2
44.440;9.288E-3;1.876E-2
44.480;9.133E-3;1.877E-2
44.520;8.830E-3;1.886E-2
44.560;8.105E-3;1.878E-2
44.600;7.073E-3;1.875E-2
44.640;5.864E-3;1.873E-2
44.680;4.576E-3;1.876E-2
44.720;3.319E-3;1.884E-2
44.760;1.561E-3;1.876E-2
44.800;-1.694E-5;1.870E-2
44.840;-1.529E-3;1.869E-2
44.880;-3.233E-3;1.880E-2
44.920;-4.789E-3;1.877E-2
44.960;-6.389E-3;1.885E-2
45.000;-7.638E-3;1.885E-2
45.040;-8.705E-3;1.883E-2
45.080;-9.737E-3;1.882E-2
45.120;-1.065E-2;1.882E-2
45.160;-1.112E-2;1.881E-2
45.200;-1.126E-2;1.886E-2
45.240;-1.157E-2;1.882E-2
45.280;-1.159E-2;1.878E-2
45.320;-1.138E-2;1.888E-2
45.360;-1.083E-2;1.881E-2
45.400;-1.010E-2;1.875E-2
45.440;-9.024E-3;1.892E-2
45.480;-7.861E-3;1.878E-2
45.520;-6.508E-3;1.870E-2
45.560;-5.113E-3;1.869E-2
45.600;-3.535E-3;1.884E-2
45.640;-2.017E-3;1.891E-2
45.680;-7.520E-4;1.881E-2
45.720;1.096E-3;1.876E-2
45.760;2.389E-3;1.875E-2
45.800;3.752E-3;1.879E-2
45.840;4.868E-3;1.874E-2
45.880;6.090E-3;1.877E-2
45.920;7.016E-3;1.873E-2
45.960;7.741E-3;1.883E-2
46.000;8.110E-3;1.879E-2
46.040;8.382E-3;1.882E-2
46.080;8.872E-3;1.887E-2
46.120;8.675E-3;1.877E-2
46.160;8.204E-3;1.871E-2
46.200;7.657E-3;1.875E-2
46.240;6.758E-3;1.877E-2
46.280;5.797E-3;1.875E-2
46.320;4.617E-3;1.875E-2
46.360;3.305E-3;1.883E-2
46.400;2.133E-3;1.879E-2
46.440;4.304E-4;1.873E-2
46.480;-9.473E-4;1.875E-2
46.520;-2.635E-3;1.884E-2
46.560;-4.194E-3;1.875E-2
46.600;-5.379E-3;1.883E-2
46.640;-6.599E-3;1.880E-2
46.680;-7.661E-3;1.876E-2
46.720;-8.749E-3;1.881E-2
46.760;-9.516E-3;1.880E-2
46.800;-9.944E-3;1.880E-2
46.840;-1.035E-2;1.880E-2
46.880;-1.060E-2;1.883E-2
46.920;-1.053E-2;1.882E-2
46.960;-1.018E-2;1.888E-2
47.000;-9.731E-3;1.879E-2
47.040;-8.975E-3;1.873E-2
47.080;-7.954E-3;1.878E-2
47.120;-6.932E-3;1.878E-2
47.160;-5.756E-3;1.878E-2
47.200;-4.374E-3;1.890E-2
47.240;-3.002E-3;1.883E-2
47.280;-1.374E-3;1.875E-2
47.320;-2.404E-5;1.880E-2
47.360;1.356E-3;1.876E-2
47.400;2.590E-3;1.881E-2
47.440;3.603E-3;1.880E-2
47.480;4.696E-3;1.882E-2
47.520;5.661E-3;1.880E-2
47.560;6.651E-3;1.889E-2
47.600;7.013E-3;1.876E-2
47.640;7.578E-3;1.881E-2
47.680;7.715E-3;1.889E-2
47.720;7.836E-3;1.888E-2
47.760;7.689E-3;1.890E-2
47.800;6.997E-3;1.878E-2
47.840;6.557E-3;1.883E-2
47.880;5.582E-3;1.872E-2
47.920;4.566E-3;1.872E-2
47.960;3.485E-3;1.872E-2
48.000;2.306E-3;1.872E-2
48.040;1.065E-3;1.874E-2
48.080;-5.187E-4;1.879E-2
48.120;-1.953E-3;1.880E-2
48.160;-3.238E-3;1.878E-2
48.200;-4.416E-3;1.871E-2
48.240;-5.564E-3;1.873E-2
48.280;-6.562E-3;1.885E-2
48.320;-7.558E-3;1.881E-2
48.360;-8.448E-3;1.872E-2
48.400;-8.770E-3;1.878E-2
48.440;-9.136E-3;1.882E-2
48.480;-9.575E-3;1.879E-2
48.520;-9.537E-3;1.880E-2
48.560;-9.464E-3;1.878E-2
48.600;-9.199E-3;1.878E-2
48.640;-8.596E-3;1.873E-2
48.680;-7.935E-3;1.880E-2
48.720;-7.124E-3;1.878E-2
48.760;-5.962E-3;1.869E-2
48.800;-4.991E-3;1.878E-2
48.840;-3.651E-3;1.875E-2
48.880;-2.547E-3;1.885E-2
48.920;-1.365E-3;1.874E-2
48.960;1.950E-5;1.878E-2
49.000;1.260E-3;1.887E-2
49.040;2.518E-3;1.878E-2
49.080;3.489E-3;1.876E-2
49.120;4.515E-3;1.883E-2
49.160;5.378E-3;1.876E-2
49.200;5.853E-3;1.881E-2
49.240;6.555E-3;1.888E-2
49.280;6.916E-3;1.891E-2
49.320;7.016E-3;1.878E-2
49.360;6.909E-3;1.881E-2
49.400;6.668E-3;1.882E-2
49.440;5.927E-3;1.876E-2
49.480;5.449E-3;1.892E-2
49.520;4.700E-3;1.877E-2
49.560;3.612E-3;1.870E-2
49.600;2.519E-3;1.870E-2
49.640;1.358E-3;1.878E-2
49.680;1.655E-4;1.879E-2
49.720;-1.088E-3;1.884E-2
49.760;-2.227E-3;1.883E-2
49.800;-3.553E-3;1.869E-2
49.840;-4.531E-3;1.881E-2
49.880;-5.616E-3;1.865E-2
49.920;-6.427E-3;1.889E-2
49.960;-7.379E-3;1.890E-2
50.000;-7.804E-3;1.882E-2
50.040;-8.489E-3;1.882E-2
50.080;-8.749E-3;1.880E-2
50.120;-8.845E-3;1.883E-2
50.160;-8.799E-3;1.882E-2
50.200;-8.668E-3;1.878E-2
50.240;-8.155E-3;1.882E-2
50.280;-7.597E-3;1.882E-2
50.320;-6.654E-3;1.876E-2
50.360;-5.883E-3;1.881E-2
50.400;-4.893E-3;1.877E-2
50.440;-3.863E-3;1.884E-2
50.480;-2.758E-3;1.879E-2
50.520;-1.494E-3;1.875E-2
50.560;-3.443E-4;1.878E-2
50.600;6.926E-4;1.883E-2
50.640;1.860E-3;1.879E-2
50.680;2.975E-3;1.881E-2
50.720;3.789E-3;1.900E-2
50.760;4.567E-3;1.890E-2
50.800;5.169E-3;1.880E-2
50.840;5.546E-3;1.887E-2
50.880;5.994E-3;1.872E-2
50.920;6.095E-3;1.882E-2
50.960;6.222E-3;1.882E-2
51.000;6.195E-3;1.881E-2
51.040;6.014E-3;1.884E-2
51.080;5.691E-3;1.888E-2
51.120;5.154E-3;1.885E-2
51.160;4.507E-3;1.876E-2
51.200;3.625E-3;1.882E-2
51.240;2.745E-3;1.871E-2
51.280;1.749E-3;1.869E-2
51.320;6.460E-4;1.873E-2
51.360;-5.292E-4;1.873E-2
51.400;-1.706E-3;1.872E-2
51.440;-2.843E-3;1.871E-2
51.480;-3.860E-3;1.874E-2
51.520;-4.799E-3;1.873E-2
51.560;-5.598E-3;1.880E-2
51.600;-6.389E-3;1.880E-2
51.640;-6.965E-3;1.884E-2
51.680;-7.381E-3;1.890E-2
51.720;-7.695E-3;1.886E-2
51.760;-7.774E-3;1.879E-2
51.800;-7.755E-3;1.880E-2
51.840;-7.577E-3;1.885E-2
51.880;-7.426E-3;1.880E-2
51.920;-6.737E-3;1.877E-2
51.960;-6.126E-3;1.877E-2
52.000;-5.360E-3;1.879E-2
52.040;-4.424E-3;1.875E-2
52.080;-3.486E-3;1.881E-2
52.120;-2.576E-3;1.875E-2
52.160;-1.264E-3;1.873E-2
52.200;-3.918E-4;1.873E-2
52.240;4.635E-4;1.876E-2
52.280;1.581E-3;1.879E-2
52.320;2.603E-3;1.878E-2
52.360;3.244E-3;1.886E-2
52.400;3.880E-3;1.890E-2
52.440;4.534E-3;1.882E-2
52.480;4.978E-3;1.888E-2
52.520;5.263E-3;1.878E-2
52.560;5.317E-3;1.875E-2
52.600;5.300E-3;1.877E-2
52.640;5.174E-3;1.881E-2
52.680;4.979E-3;1.878E-2
52.720;4.530E-3;1.876E-2
52.760;3.989E-3;1.879E-2
52.800;3.387E-3;1.885E-2
52.840;2.748E-3;1.874E-2
52.880;1.805E-3;1.881E-2
52.920;8.456E-4;1.881E-2
52.960;-1.235E-4;1.881E-2
53.000;-1.143E-3;1.876E-2
53.040;-2.123E-3;1.876E-2
53.080;-3.178E-3;1.869E-2
53.120;-4.127E-3;1.879E-2
53.160;-4.964E-3;1.874E-2
53.200;-5.476E-3;1.889E-2
53.240;-6.061E-3;1.886E-2
53.280;-6.443E-3;1.888E-2
53.320;-6.774E-3;1.881E-2
53.360;-6.788E-3;1.878E-2
53.400;-6.900E-3;1.882E-2
53.440;-6.853E-3;1.874E-2
53.480;-6.687E-3;1.874E-2
53.520;-6.344E-3;1.874E-2
53.560;-5.840E-3;1.878E-2
53.600;-5.237E-3;1.873E-2
53.640;-4.512E-3;1.880E-2
53.680;-3.677E-3;1.885E-2
53.720;-2.876E-3;1.875E-2
53.760;-1.983E-3;1.879E-2
53.800;-1.031E-3;1.878E-2
53.840;-1.006E-4;1.882E-2
53.880;8.821E-4;1.885E-2
53.920;1.510E-3;1.882E-2
53.960;2.199E-3;1.880E-2
54.000;2.745E-3;1.878E-2
54.040;3.338E-3;1.883E-2
54.080;3.771E-3;1.875E-2
54.120;4.068E-3;1.879E-2
54.160;4.400E-3;1.883E-2
54.200;4.489E-3;1.886E-2
54.240;4.521E-3;1.883E-2
54.280;4.400E-3;1.891E-2
54.320;4.073E-3;1.882E-2
54.360;3.570E-3;1.878E-2
54.400;2.934E-3;1.879E-2
54.440;2.464E-3;1.884E-2
54.480;1.697E-3;1.885E-2
54.520;9.648E-4;1.876E-2
54.560;3.206E-5;1.873E-2
54.600;-8.364E-4;1.880E-2
54.640;-1.796E-3;1.870E-2
54.680;-2.597E-3;1.872E-2
54.720;-3.319E-3;1.880E-2
54.760;-4.117E-3;1.877E-2
54.800;-4.724E-3;1.873E-2
54.840;-5.356E-3;1.880E-2
54.880;-5.913E-3;1.887E-2
54.920;-6.157E-3;1.877E-2
54.960;-6.193E-3;1.872E-2
55.000;-6.157E-3;1.874E-2
55.040;-6.087E-3;1.882E-2
55.080;-5.809E-3;1.886E-2
55.120;-5.538E-3;1.877E-2
55.160;-5.077E-3;1.874E-2
55.200;-4.520E-3;1.871E-2
55.240;-3.874E-3;1.877E-2
55.280;-3.070E-3;1.874E-2
55.320;-2.321E-3;1.867E-2
55.360;-1.655E-3;1.873E-2
55.400;-9.542E-4;1.883E-2
55.440;-1.145E-4;1.881E-2
55.480;5.170E-4;1.880E-2
55.520;1.294E-3;1.878E-2
55.560;1.867E-3;1.878E-2
55.600;2.395E-3;1.882E-2
55.640;2.768E-3;1.884E-2
55.680;3.106E-3;1.884E-2
55.720;3.354E-3;1.885E-2
55.760;3.515E-3;1.879E-2
55.800;3.540E-3;1.879E-2
55.840;3.534E-3;1.882E-2
55.880;3.525E-3;1.880E-2
55.920;3.375E-3;1.883E-2
55.960;3.116E-3;1.878E-2
56.000;2.701E-3;1.882E-2
56.040;2.510E-3;1.876E-2
56.080;1.950E-3;1.878E-2
56.120;1.359E-3;1.882E-2
56.160;8.705E-4;1.872E-2
56.200;1.888E-4;1.877E-2
56.240;-6.355E-4;1.883E-2
56.280;-1.381E-3;1.886E-2
56.320;-2.199E-3;1.885E-2
56.360;-2.789E-3;1.875E-2
56.400;-3.370E-3;1.874E-2
56.440;-3.955E-3;1.873E-2
56.480;-4.305E-3;1.872E-2
56.520;-5.087E-3;1.875E-2
56.560;-5.157E-3;1.887E-2
56.600;-5.313E-3;1.885E-2
56.640;-5.377E-3;1.875E-2
56.680;-5.341E-3;1.876E-2
56.720;-5.169E-3;1.882E-2
56.760;-4.748E-3;1.879E-2
56.800;-4.294E-3;1.880E-2
56.840;-3.923E-3;1.868E-2
56.880;-3.399E-3;1.884E-2
56.920;-2.895E-3;1.884E-2
56.960;-2.178E-3;1.878E-2
57.000;-1.533E-3;1.885E-2
57.040;-8.893E-4;1.876E-2
57.080;-1.493E-4;1.876E-2
57.120;2.441E-4;1.872E-2
57.160;6.441E-4;1.879E-2
57.200;1.246E-3;1.878E-2
57.240;1.535E-3;1.875E-2
57.280;1.812E-3;1.878E-2
57.320;2.157E-3;1.886E-2
57.360;2.237E-3;1.882E-2
57.400;2.286E-3;1.880E-2
57.440;2.124E-3;1.883E-2
57.480;1.724E-3;1.882E-2
57.520;1.462E-3;1.879E-2
57.560;1.130E-3;1.879E-2
57.600;6.958E-4;1.880E-2
57.640;1.069E-4;1.880E-2
57.680;-4.293E-4;1.882E-2
57.720;-1.000E-3;1.874E-2
57.760;-1.602E-3;1.880E-2
57.800;-2.122E-3;1.884E-2
57.840;-2.699E-3;1.877E-2
57.880;-3.069E-3;1.884E-2
57.920;-3.580E-3;1.883E-2
57.960;-4.059E-3;1.876E-2
58.000;-4.334E-3;1.879E-2
58.040;-4.511E-3;1.881E-2
58.080;-4.473E-3;1.867E-2
58.120;-4.432E-3;1.877E-2
58.160;-4.414E-3;1.880E-2
58.200;-4.288E-3;1.881E-2
58.240;-4.227E-3;1.879E-2
58.280;-4.084E-3;1.875E-2
58.320;-3.828E-3;1.878E-2
58.360;-3.408E-3;1.877E-2
58.400;-3.135E-3;1.874E-2
58.440;-2.938E-3;1.875E-2
58.480;-2.533E-3;1.872E-2
58.520;-2.078E-3;1.874E-2
58.560;-1.854E-3;1.875E-2
58.600;-1.310E-3;1.878E-2
58.640;-9.436E-4;1.876E-2
58.680;-4.283E-4;1.877E-2
58.720;6.338E-5;1.879E-2
58.760;3.104E-4;1.871E-2
58.800;6.379E-4;1.874E-2
58.840;1.006E-3;1.879E-2
58.880;1.148E-3;1.879E-2
58.920;1.219E-3;1.878E-2
58.960;1.219E-3;1.877E-2
59.000;1.232E-3;1.875E-2
59.040;1.212E-3;1.878E-2
59.080;1.002E-3;1.884E-2
59.120;6.271E-4;1.882E-2
59.160;2.732E-4;1.873E-2
59.200;-2.837E-5;1.880E-2
59.240;-4.146E-4;1.884E-2
59.280;-8.471E-4;1.878E-2
59.320;-1.224E-3;1.879E-2
59.360;-1.804E-3;1.879E-2
59.400;-2.092E-3;1.884E-2
59.440;-2.339E-3;1.882E-2
59.480;-2.908E-3;1.879E-2
59.520;-3.154E-3;1.875E-2
59.560;-3.250E-3;1.880E-2
59.600;-3.253E-3;1.876E-2
59.640;-3.221E-3;1.885E-2
59.680;-3.139E-3;1.879E-2
59.720;-3.097E-3;1.875E-2
59.760;-3.002E-3;1.867E-2
59.800;-2.852E-3;1.886E-2
59.840;-2.243E-3;1.884E-2
59.880;-1.975E-3;1.875E-2
59.920;-1.721E-3;1.873E-2
59.960;-1.252E-3;1.873E-2
60.000;-9.013E-4;1.881E-2
60.040;-6.467E-4;1.882E-2
60.080;-2.048E-4;1.875E-2
60.120;-7.853E-5;1.878E-2
60.160;2.119E-4;1.881E-2
60.200;3.990E-4;1.872E-2
60.240;4.054E-4;1.876E-2
60.280;3.491E-4;1.873E-2
60.320;3.796E-4;1.878E-2
60.360;4.078E-4;1.876E-2
60.400;2.480E-4;1.879E-2
60.440;6.541E-5;1.878E-2
60.480;-1.133E-5;1.878E-2
60.520;-2.727E-4;1.881E-2
60.560;-7.458E-4;1.878E-2
60.600;-9.955E-4;1.877E-2
60.640;-1.216E-3;1.886E-2
60.680;-1.602E-3;1.881E-2
60.720;-1.884E-3;1.879E-2
60.760;-2.205E-3;1.882E-2
60.800;-2.314E-3;1.886E-2
60.840;-2.694E-3;1.882E-2
60.880;-2.911E-3;1.878E-2
60.920;-3.064E-3;1.879E-2
60.960;-3.150E-3;1.873E-2
61.000;-3.125E-3;1.876E-2
61.040;-3.147E-3;1.877E-2
61.080;-3.082E-3;1.877E-2
61.120;-3.019E-3;1.871E-2
61.160;-2.938E-3;1.871E-2
61.200;-2.774E-3;1.872E-2
61.240;-2.260E-3;1.874E-2
61.280;-2.038E-3;1.879E-2
61.320;-1.872E-3;1.879E-2
61.360;-1.463E-3;1.882E-2
61.400;-1.172E-3;1.882E-2
61.440;-8.449E-4;1.881E-2
61.480;-6.989E-4;1.885E-2
61.520;-4.817E-4;1.883E-2
61.560;-2.518E-4;1.880E-2
61.600;-4.781E-5;1.878E-2
61.640;7.296E-5;1.883E-2
61.680;1.583E-4;1.874E-2
61.720;2.166E-4;1.876E-2
61.760;1.908E-4;1.878E-2
61.800;1.590E-4;1.878E-2
61.840;4.594E-5;1.877E-2
61.880;-3.893E-5;1.877E-2
61.920;8.287E-6;1.872E-2
61.960;-2.669E-4;1.871E-2
62.000;-6.698E-4;1.880E-2
62.040;-8.821E-4;1.879E-2
62.080;-1.031E-3;1.880E-2
62.120;-1.170E-3;1.886E-2
62.160;-1.441E-3;1.874E-2
62.200;-1.914E-3;1.881E-2
62.240;-2.090E-3;1.879E-2
62.280;-2.284E-3;1.882E-2
62.320;-2.329E-3;1.886E-2
62.360;-2.341E-3;1.884E-2
62.400;-2.326E-3;1.870E-2
62.440;-2.313E-3;1.872E-2
62.480;-2.293E-3;1.876E-2
62.520;-2.267E-3;1.878E-2
62.560;-2.257E-3;1.878E-2
62.600;-2.145E-3;1.885E-2
62.640;-2.052E-3;1.878E-2
62.680;-1.951E-3;1.875E-2
62.720;-1.911E-3;1.878E-2
62.760;-1.794E-3;1.875E-2
62.800;-1.304E-3;1.878E-2
62.840;-1.038E-3;1.883E-2
62.880;-9.110E-4;1.881E-2
62.920;-7.538E-4;1.872E-2
62.960;-6.787E-4;1.877E-2
63.000;-3.609E-4;1.875E-2
63.040;-2.012E-4;1.872E-2
63.080;-1.302E-4;1.874E-2
63.120;-1.526E-5;1.883E-2
63.160;1.516E-4;1.877E-2
63.200;1.345E-4;1.876E-2
63.240;1.504E-4;1.876E-2
63.280;2.107E-4;1.872E-2
63.320;1.249E-4;1.873E-2
63.360;1.383E-5;1.882E-2
63.400;-4.318E-5;1.883E-2
63.440;-6.131E-5;1.880E-2
63.480;-9.718E-5;1.879E-2
63.520;-4.623E-4;1.873E-2
63.560;-6.059E-4;1.873E-2
63.600;-8.527E-4;1.880E-2
63.640;-9.974E-4;1.883E-2
63.680;-1.240E-3;1.881E-2
63.720;-1.575E-3;1.885E-2
63.760;-1.997E-3;1.885E-2
63.800;-2.170E-3;1.885E-2
63.840;-2.218E-3;1.880E-2
63.880;-2.220E-3;1.879E-2
63.920;-2.214E-3;1.883E-2
63.960;-2.143E-3;1.872E-2
64.000;-2.192E-3;1.873E-2
64.040;-2.181E-3;1.874E-2
64.080;-2.161E-3;1.879E-2
64.120;-2.046E-3;1.877E-2
64.160;-1.908E-3;1.878E-2
64.200;-1.735E-3;1.882E-2
64.240;-1.264E-3;1.873E-2
64.280;-1.112E-3;1.874E-2
64.320;-9.241E-4;1.876E-2
64.360;-7.779E-4;1.872E-2
64.400;-7.304E-4;1.877E-2
64.440;-6.987E-4;1.877E-2
64.480;-5.669E-4;1.878E-2
64.520;-3.317E-4;1.873E-2
64.560;-3.488E-4;1.873E-2
64.600;-2.453E-4;1.872E-2
64.640;-2.308E-4;1.877E-2
64.680;-2.500E-4;1.883E-2
64.720;-2.397E-4;1.879E-2
64.760;-2.795E-4;1.880E-2
64.800;-4.766E-4;1.873E-2
64.840;-5.254E-4;1.876E-2
64.880;-5.929E-4;1.884E-2
64.920;-5.518E-4;1.886E-2
64.960;-6.208E-4;1.882E-2
65.000;-7.899E-4;1.880E-2
65.040;-9.450E-4;1.876E-2
65.080;-1.119E-3;1.879E-2
65.120;-1.210E-3;1.886E-2
65.160;-1.479E-3;1.877E-2
65.200;-1.733E-3;1.872E-2
65.240;-1.927E-3;1.878E-2
65.280;-2.147E-3;1.878E-2
65.320;-2.133E-3;1.880E-2
65.360;-2.124E-3;1.879E-2
65.400;-2.081E-3;1.882E-2
65.440;-2.063E-3;1.880E-2
65.480;-2.024E-3;1.881E-2
65.520;-1.886E-3;1.877E-2
65.560;-1.802E-3;1.875E-2
65.600;-1.331E-3;1.882E-2
65.640;-1.120E-3;1.880E-2
65.680;-1.013E-3;1.874E-2
65.720;-9.553E-4;1.881E-2
65.760;-8.276E-4;1.878E-2
65.800;-8.177E-4;1.880E-2
65.840;-7.972E-4;1.880E-2
65.880;-7.622E-4;1.880E-2
65.920;-7.571E-4;1.878E-2
65.960;-7.356E-4;1.874E-2
66.000;-7.877E-4;1.874E-2
66.040;-8.001E-4;1.876E-2
66.080;-8.003E-4;1.875E-2
66.120;-7.712E-4;1.877E-2
66.160;-7.001E-4;1.876E-2
66.200;-7.792E-4;1.879E-2
66.240;-8.131E-4;1.877E-2
66.280;-8.626E-4;1.878E-2
66.320;-9.442E-4;1.880E-2
66.360;-8.915E-4;1.881E-2
66.400;-9.013E-4;1.880E-2
66.440;-9.586E-4;1.881E-2
66.480;-9.704E-4;1.879E-2
66.520;-9.946E-4;1.883E-2
66.560;-9.991E-4;1.890E-2
66.600;-1.032E-3;1.885E-2
66.640;-1.203E-3;1.885E-2
66.680;-1.341E-3;1.884E-2
66.720;-1.680E-3;1.882E-2
66.760;-1.901E-3;1.888E-2
66.800;-2.067E-3;1.879E-2
66.840;-2.051E-3;1.878E-2
66.880;-2.169E-3;1.875E-2
66.920;-2.203E-3;1.874E-2
66.960;-2.156E-3;1.876E-2
67.000;-2.070E-3;1.876E-2
67.040;-1.953E-3;1.868E-2
67.080;-1.829E-3;1.873E-2
67.120;-1.271E-3;1.880E-2
67.160;-1.167E-3;1.885E-2
67.200;-1.074E-3;1.878E-2
67.240;-9.989E-4;1.876E-2
67.280;-1.006E-3;1.879E-2
67.320;-9.826E-4;1.877E-2
67.360;-9.297E-4;1.880E-2
67.400;-9.968E-4;1.882E-2
67.440;-1.003E-3;1.880E-2
67.480;-1.120E-3;1.876E-2
67.520;-1.125E-3;1.878E-2
67.560;-1.378E-3;1.877E-2
67.600;-1.796E-3;1.872E-2
67.640;-1.952E-3;1.882E-2
